"","waveform","serial","offset","time.sec","voltage.mv","date.time"
"1",-1120,"RLA496830S",1.707,1.707,-0.9128,2019-01-07 09:05:00
"2",-1160,"RLA496830S",1.707,1.7148125,-0.9454,2019-01-07 09:05:00
"3",-168,"RLA496830S",1.707,1.722625,-0.13692,2019-01-07 09:05:00
"4",-280,"RLA496830S",1.707,1.7304375,-0.2282,2019-01-07 09:05:00
"5",-387,"RLA496830S",1.707,1.73825,-0.315405,2019-01-07 09:05:00
"6",-419,"RLA496830S",1.707,1.7460625,-0.341485,2019-01-07 09:05:00
"7",-349,"RLA496830S",1.707,1.753875,-0.284435,2019-01-07 09:05:00
"8",-389,"RLA496830S",1.707,1.7616875,-0.317035,2019-01-07 09:05:00
"9",-394,"RLA496830S",1.707,1.7695,-0.32111,2019-01-07 09:05:00
"10",-382,"RLA496830S",1.707,1.7773125,-0.31133,2019-01-07 09:05:00
"11",-400,"RLA496830S",1.707,1.785125,-0.326,2019-01-07 09:05:00
"12",-403,"RLA496830S",1.707,1.7929375,-0.328445,2019-01-07 09:05:00
"13",-417,"RLA496830S",1.707,1.80075,-0.339855,2019-01-07 09:05:00
"14",-417,"RLA496830S",1.707,1.8085625,-0.339855,2019-01-07 09:05:00
"15",-396,"RLA496830S",1.707,1.816375,-0.32274,2019-01-07 09:05:00
"16",-438,"RLA496830S",1.707,1.8241875,-0.35697,2019-01-07 09:05:00
"17",-450,"RLA496830S",1.707,1.832,-0.36675,2019-01-07 09:05:00
"18",-460,"RLA496830S",1.707,1.8398125,-0.3749,2019-01-07 09:05:00
"19",-477,"RLA496830S",1.707,1.847625,-0.388755,2019-01-07 09:05:00
"20",-488,"RLA496830S",1.707,1.8554375,-0.39772,2019-01-07 09:05:00
"21",-512,"RLA496830S",1.707,1.86325,-0.41728,2019-01-07 09:05:00
"22",-530,"RLA496830S",1.707,1.8710625,-0.43195,2019-01-07 09:05:00
"23",-548,"RLA496830S",1.707,1.878875,-0.44662,2019-01-07 09:05:00
"24",-584,"RLA496830S",1.707,1.8866875,-0.47596,2019-01-07 09:05:00
"25",-595,"RLA496830S",1.707,1.8945,-0.484925,2019-01-07 09:05:00
"26",-564,"RLA496830S",1.707,1.9023125,-0.45966,2019-01-07 09:05:00
"27",-490,"RLA496830S",1.707,1.910125,-0.39935,2019-01-07 09:05:00
"28",-423,"RLA496830S",1.707,1.9179375,-0.344745,2019-01-07 09:05:00
"29",-390,"RLA496830S",1.707,1.92575,-0.31785,2019-01-07 09:05:00
"30",-375,"RLA496830S",1.707,1.9335625,-0.305625,2019-01-07 09:05:00
"31",-375,"RLA496830S",1.707,1.941375,-0.305625,2019-01-07 09:05:00
"32",-373,"RLA496830S",1.707,1.9491875,-0.303995,2019-01-07 09:05:00
"33",-369,"RLA496830S",1.707,1.957,-0.300735,2019-01-07 09:05:00
"34",-371,"RLA496830S",1.707,1.9648125,-0.302365,2019-01-07 09:05:00
"35",-373,"RLA496830S",1.707,1.972625,-0.303995,2019-01-07 09:05:00
"36",-376,"RLA496830S",1.707,1.9804375,-0.30644,2019-01-07 09:05:00
"37",-378,"RLA496830S",1.707,1.98825,-0.30807,2019-01-07 09:05:00
"38",-378,"RLA496830S",1.707,1.9960625,-0.30807,2019-01-07 09:05:00
"39",-380,"RLA496830S",1.707,2.003875,-0.3097,2019-01-07 09:05:00
"40",-379,"RLA496830S",1.707,2.0116875,-0.308885,2019-01-07 09:05:00
"41",-381,"RLA496830S",1.707,2.0195,-0.310515,2019-01-07 09:05:00
"42",-385,"RLA496830S",1.707,2.0273125,-0.313775,2019-01-07 09:05:00
"43",-383,"RLA496830S",1.707,2.035125,-0.312145,2019-01-07 09:05:00
"44",-381,"RLA496830S",1.707,2.0429375,-0.310515,2019-01-07 09:05:00
"45",-382,"RLA496830S",1.707,2.05075,-0.31133,2019-01-07 09:05:00
"46",-385,"RLA496830S",1.707,2.0585625,-0.313775,2019-01-07 09:05:00
"47",-386,"RLA496830S",1.707,2.066375,-0.31459,2019-01-07 09:05:00
"48",-385,"RLA496830S",1.707,2.0741875,-0.313775,2019-01-07 09:05:00
"49",-382,"RLA496830S",1.707,2.082,-0.31133,2019-01-07 09:05:00
"50",-381,"RLA496830S",1.707,2.0898125,-0.310515,2019-01-07 09:05:00
"51",-385,"RLA496830S",1.707,2.097625,-0.313775,2019-01-07 09:05:00
"52",-385,"RLA496830S",1.707,2.1054375,-0.313775,2019-01-07 09:05:00
"53",-382,"RLA496830S",1.707,2.11325,-0.31133,2019-01-07 09:05:00
"54",-380,"RLA496830S",1.707,2.1210625,-0.3097,2019-01-07 09:05:00
"55",-382,"RLA496830S",1.707,2.128875,-0.31133,2019-01-07 09:05:00
"56",-382,"RLA496830S",1.707,2.1366875,-0.31133,2019-01-07 09:05:00
"57",-382,"RLA496830S",1.707,2.1445,-0.31133,2019-01-07 09:05:00
"58",-382,"RLA496830S",1.707,2.1523125,-0.31133,2019-01-07 09:05:00
"59",-382,"RLA496830S",1.707,2.160125,-0.31133,2019-01-07 09:05:00
"60",-384,"RLA496830S",1.707,2.1679375,-0.31296,2019-01-07 09:05:00
"61",-383,"RLA496830S",1.707,2.17575,-0.312145,2019-01-07 09:05:00
"62",-383,"RLA496830S",1.707,2.1835625,-0.312145,2019-01-07 09:05:00
"63",-384,"RLA496830S",1.707,2.191375,-0.31296,2019-01-07 09:05:00
"64",-386,"RLA496830S",1.707,2.1991875,-0.31459,2019-01-07 09:05:00
"65",-386,"RLA496830S",1.707,2.207,-0.31459,2019-01-07 09:05:00
"66",-386,"RLA496830S",1.707,2.2148125,-0.31459,2019-01-07 09:05:00
"67",-385,"RLA496830S",1.707,2.222625,-0.313775,2019-01-07 09:05:00
"68",-385,"RLA496830S",1.707,2.2304375,-0.313775,2019-01-07 09:05:00
"69",-387,"RLA496830S",1.707,2.23825,-0.315405,2019-01-07 09:05:00
"70",-389,"RLA496830S",1.707,2.2460625,-0.317035,2019-01-07 09:05:00
"71",-389,"RLA496830S",1.707,2.253875,-0.317035,2019-01-07 09:05:00
"72",-390,"RLA496830S",1.707,2.2616875,-0.31785,2019-01-07 09:05:00
"73",-393,"RLA496830S",1.707,2.2695,-0.320295,2019-01-07 09:05:00
"74",-392,"RLA496830S",1.707,2.2773125,-0.31948,2019-01-07 09:05:00
"75",-391,"RLA496830S",1.707,2.285125,-0.318665,2019-01-07 09:05:00
"76",-393,"RLA496830S",1.707,2.2929375,-0.320295,2019-01-07 09:05:00
"77",-395,"RLA496830S",1.707,2.30075,-0.321925,2019-01-07 09:05:00
"78",-395,"RLA496830S",1.707,2.3085625,-0.321925,2019-01-07 09:05:00
"79",-399,"RLA496830S",1.707,2.316375,-0.325185,2019-01-07 09:05:00
"80",-407,"RLA496830S",1.707,2.3241875,-0.331705,2019-01-07 09:05:00
"81",-407,"RLA496830S",1.707,2.332,-0.331705,2019-01-07 09:05:00
"82",-406,"RLA496830S",1.707,2.3398125,-0.33089,2019-01-07 09:05:00
"83",-420,"RLA496830S",1.707,2.347625,-0.3423,2019-01-07 09:05:00
"84",-434,"RLA496830S",1.707,2.3554375,-0.35371,2019-01-07 09:05:00
"85",-415,"RLA496830S",1.707,2.36325,-0.338225,2019-01-07 09:05:00
"86",-388,"RLA496830S",1.707,2.3710625,-0.31622,2019-01-07 09:05:00
"87",-385,"RLA496830S",1.707,2.378875,-0.313775,2019-01-07 09:05:00
"88",-392,"RLA496830S",1.707,2.3866875,-0.31948,2019-01-07 09:05:00
"89",-388,"RLA496830S",1.707,2.3945,-0.31622,2019-01-07 09:05:00
"90",-383,"RLA496830S",1.707,2.4023125,-0.312145,2019-01-07 09:05:00
"91",-382,"RLA496830S",1.707,2.410125,-0.31133,2019-01-07 09:05:00
"92",-384,"RLA496830S",1.707,2.4179375,-0.31296,2019-01-07 09:05:00
"93",-387,"RLA496830S",1.707,2.42575,-0.315405,2019-01-07 09:05:00
"94",-388,"RLA496830S",1.707,2.4335625,-0.31622,2019-01-07 09:05:00
"95",-388,"RLA496830S",1.707,2.441375,-0.31622,2019-01-07 09:05:00
"96",-390,"RLA496830S",1.707,2.4491875,-0.31785,2019-01-07 09:05:00
"97",-392,"RLA496830S",1.707,2.457,-0.31948,2019-01-07 09:05:00
"98",-394,"RLA496830S",1.707,2.4648125,-0.32111,2019-01-07 09:05:00
"99",-395,"RLA496830S",1.707,2.472625,-0.321925,2019-01-07 09:05:00
"100",-396,"RLA496830S",1.707,2.4804375,-0.32274,2019-01-07 09:05:00
"101",-392,"RLA496830S",1.707,2.48825,-0.31948,2019-01-07 09:05:00
"102",-401,"RLA496830S",1.707,2.4960625,-0.326815,2019-01-07 09:05:00
"103",-493,"RLA496830S",1.707,2.503875,-0.401795,2019-01-07 09:05:00
"104",-856,"RLA496830S",1.707,2.5116875,-0.69764,2019-01-07 09:05:00
"105",-1039,"RLA496830S",1.707,2.5195,-0.846785,2019-01-07 09:05:00
"106",-678,"RLA496830S",1.707,2.5273125,-0.55257,2019-01-07 09:05:00
"107",-234,"RLA496830S",1.707,2.535125,-0.19071,2019-01-07 09:05:00
"108",-279,"RLA496830S",1.707,2.5429375,-0.227385,2019-01-07 09:05:00
"109",-436,"RLA496830S",1.707,2.55075,-0.35534,2019-01-07 09:05:00
"110",-397,"RLA496830S",1.707,2.5585625,-0.323555,2019-01-07 09:05:00
"111",-371,"RLA496830S",1.707,2.566375,-0.302365,2019-01-07 09:05:00
"112",-405,"RLA496830S",1.707,2.5741875,-0.330075,2019-01-07 09:05:00
"113",-386,"RLA496830S",1.707,2.582,-0.31459,2019-01-07 09:05:00
"114",-404,"RLA496830S",1.707,2.5898125,-0.32926,2019-01-07 09:05:00
"115",-421,"RLA496830S",1.707,2.597625,-0.343115,2019-01-07 09:05:00
"116",-400,"RLA496830S",1.707,2.6054375,-0.326,2019-01-07 09:05:00
"117",-408,"RLA496830S",1.707,2.61325,-0.33252,2019-01-07 09:05:00
"118",-417,"RLA496830S",1.707,2.6210625,-0.339855,2019-01-07 09:05:00
"119",-435,"RLA496830S",1.707,2.628875,-0.354525,2019-01-07 09:05:00
"120",-440,"RLA496830S",1.707,2.6366875,-0.3586,2019-01-07 09:05:00
"121",-423,"RLA496830S",1.707,2.6445,-0.344745,2019-01-07 09:05:00
"122",-452,"RLA496830S",1.707,2.6523125,-0.36838,2019-01-07 09:05:00
"123",-479,"RLA496830S",1.707,2.660125,-0.390385,2019-01-07 09:05:00
"124",-501,"RLA496830S",1.707,2.6679375,-0.408315,2019-01-07 09:05:00
"125",-530,"RLA496830S",1.707,2.67575,-0.43195,2019-01-07 09:05:00
"126",-544,"RLA496830S",1.707,2.6835625,-0.44336,2019-01-07 09:05:00
"127",-563,"RLA496830S",1.707,2.691375,-0.458845,2019-01-07 09:05:00
"128",-587,"RLA496830S",1.707,2.6991875,-0.478405,2019-01-07 09:05:00
"129",-560,"RLA496830S",1.707,2.707,-0.4564,2019-01-07 09:05:00
"130",-485,"RLA496830S",1.707,2.7148125,-0.395275,2019-01-07 09:05:00
"131",-412,"RLA496830S",1.707,2.722625,-0.33578,2019-01-07 09:05:00
"132",-383,"RLA496830S",1.707,2.7304375,-0.312145,2019-01-07 09:05:00
"133",-372,"RLA496830S",1.707,2.73825,-0.30318,2019-01-07 09:05:00
"134",-364,"RLA496830S",1.707,2.7460625,-0.29666,2019-01-07 09:05:00
"135",-371,"RLA496830S",1.707,2.753875,-0.302365,2019-01-07 09:05:00
"136",-369,"RLA496830S",1.707,2.7616875,-0.300735,2019-01-07 09:05:00
"137",-365,"RLA496830S",1.707,2.7695,-0.297475,2019-01-07 09:05:00
"138",-368,"RLA496830S",1.707,2.7773125,-0.29992,2019-01-07 09:05:00
"139",-370,"RLA496830S",1.707,2.785125,-0.30155,2019-01-07 09:05:00
"140",-372,"RLA496830S",1.707,2.7929375,-0.30318,2019-01-07 09:05:00
"141",-374,"RLA496830S",1.707,2.80075,-0.30481,2019-01-07 09:05:00
"142",-375,"RLA496830S",1.707,2.8085625,-0.305625,2019-01-07 09:05:00
"143",-380,"RLA496830S",1.707,2.816375,-0.3097,2019-01-07 09:05:00
"144",-380,"RLA496830S",1.707,2.8241875,-0.3097,2019-01-07 09:05:00
"145",-381,"RLA496830S",1.707,2.832,-0.310515,2019-01-07 09:05:00
"146",-382,"RLA496830S",1.707,2.8398125,-0.31133,2019-01-07 09:05:00
"147",-382,"RLA496830S",1.707,2.847625,-0.31133,2019-01-07 09:05:00
"148",-383,"RLA496830S",1.707,2.8554375,-0.312145,2019-01-07 09:05:00
"149",-384,"RLA496830S",1.707,2.86325,-0.31296,2019-01-07 09:05:00
"150",-386,"RLA496830S",1.707,2.8710625,-0.31459,2019-01-07 09:05:00
"151",-387,"RLA496830S",1.707,2.878875,-0.315405,2019-01-07 09:05:00
"152",-389,"RLA496830S",1.707,2.8866875,-0.317035,2019-01-07 09:05:00
"153",-387,"RLA496830S",1.707,2.8945,-0.315405,2019-01-07 09:05:00
"154",-384,"RLA496830S",1.707,2.9023125,-0.31296,2019-01-07 09:05:00
"155",-384,"RLA496830S",1.707,2.910125,-0.31296,2019-01-07 09:05:00
"156",-385,"RLA496830S",1.707,2.9179375,-0.313775,2019-01-07 09:05:00
"157",-386,"RLA496830S",1.707,2.92575,-0.31459,2019-01-07 09:05:00
"158",-384,"RLA496830S",1.707,2.9335625,-0.31296,2019-01-07 09:05:00
"159",-380,"RLA496830S",1.707,2.941375,-0.3097,2019-01-07 09:05:00
"160",-381,"RLA496830S",1.707,2.9491875,-0.310515,2019-01-07 09:05:00
"161",-384,"RLA496830S",1.707,2.957,-0.31296,2019-01-07 09:05:00
"162",-385,"RLA496830S",1.707,2.9648125,-0.313775,2019-01-07 09:05:00
"163",-387,"RLA496830S",1.707,2.972625,-0.315405,2019-01-07 09:05:00
"164",-386,"RLA496830S",1.707,2.9804375,-0.31459,2019-01-07 09:05:00
"165",-385,"RLA496830S",1.707,2.98825,-0.313775,2019-01-07 09:05:00
"166",-387,"RLA496830S",1.707,2.9960625,-0.315405,2019-01-07 09:05:00
"167",-391,"RLA496830S",1.707,3.003875,-0.318665,2019-01-07 09:05:00
"168",-388,"RLA496830S",1.707,3.0116875,-0.31622,2019-01-07 09:05:00
"169",-387,"RLA496830S",1.707,3.0195,-0.315405,2019-01-07 09:05:00
"170",-388,"RLA496830S",1.707,3.0273125,-0.31622,2019-01-07 09:05:00
"171",-388,"RLA496830S",1.707,3.035125,-0.31622,2019-01-07 09:05:00
"172",-390,"RLA496830S",1.707,3.0429375,-0.31785,2019-01-07 09:05:00
"173",-390,"RLA496830S",1.707,3.05075,-0.31785,2019-01-07 09:05:00
"174",-391,"RLA496830S",1.707,3.0585625,-0.318665,2019-01-07 09:05:00
"175",-392,"RLA496830S",1.707,3.066375,-0.31948,2019-01-07 09:05:00
"176",-390,"RLA496830S",1.707,3.0741875,-0.31785,2019-01-07 09:05:00
"177",-392,"RLA496830S",1.707,3.082,-0.31948,2019-01-07 09:05:00
"178",-396,"RLA496830S",1.707,3.0898125,-0.32274,2019-01-07 09:05:00
"179",-402,"RLA496830S",1.707,3.097625,-0.32763,2019-01-07 09:05:00
"180",-406,"RLA496830S",1.707,3.1054375,-0.33089,2019-01-07 09:05:00
"181",-411,"RLA496830S",1.707,3.11325,-0.334965,2019-01-07 09:05:00
"182",-420,"RLA496830S",1.707,3.1210625,-0.3423,2019-01-07 09:05:00
"183",-429,"RLA496830S",1.707,3.128875,-0.349635,2019-01-07 09:05:00
"184",-407,"RLA496830S",1.707,3.1366875,-0.331705,2019-01-07 09:05:00
"185",-387,"RLA496830S",1.707,3.1445,-0.315405,2019-01-07 09:05:00
"186",-386,"RLA496830S",1.707,3.1523125,-0.31459,2019-01-07 09:05:00
"187",-387,"RLA496830S",1.707,3.160125,-0.315405,2019-01-07 09:05:00
"188",-386,"RLA496830S",1.707,3.1679375,-0.31459,2019-01-07 09:05:00
"189",-386,"RLA496830S",1.707,3.17575,-0.31459,2019-01-07 09:05:00
"190",-386,"RLA496830S",1.707,3.1835625,-0.31459,2019-01-07 09:05:00
"191",-389,"RLA496830S",1.707,3.191375,-0.317035,2019-01-07 09:05:00
"192",-385,"RLA496830S",1.707,3.1991875,-0.313775,2019-01-07 09:05:00
"193",-384,"RLA496830S",1.707,3.207,-0.31296,2019-01-07 09:05:00
"194",-392,"RLA496830S",1.707,3.2148125,-0.31948,2019-01-07 09:05:00
"195",-395,"RLA496830S",1.707,3.222625,-0.321925,2019-01-07 09:05:00
"196",-392,"RLA496830S",1.707,3.2304375,-0.31948,2019-01-07 09:05:00
"197",-394,"RLA496830S",1.707,3.23825,-0.32111,2019-01-07 09:05:00
"198",-397,"RLA496830S",1.707,3.2460625,-0.323555,2019-01-07 09:05:00
"199",-396,"RLA496830S",1.707,3.253875,-0.32274,2019-01-07 09:05:00
"200",-396,"RLA496830S",1.707,3.2616875,-0.32274,2019-01-07 09:05:00
"201",-397,"RLA496830S",1.707,3.2695,-0.323555,2019-01-07 09:05:00
"202",-399,"RLA496830S",1.707,3.2773125,-0.325185,2019-01-07 09:05:00
"203",-402,"RLA496830S",1.707,3.285125,-0.32763,2019-01-07 09:05:00
"204",-403,"RLA496830S",1.707,3.2929375,-0.328445,2019-01-07 09:05:00
"205",-400,"RLA496830S",1.707,3.30075,-0.326,2019-01-07 09:05:00
"206",-400,"RLA496830S",1.707,3.3085625,-0.326,2019-01-07 09:05:00
"207",-405,"RLA496830S",1.707,3.316375,-0.330075,2019-01-07 09:05:00
"208",-404,"RLA496830S",1.707,3.3241875,-0.32926,2019-01-07 09:05:00
"209",-403,"RLA496830S",1.707,3.332,-0.328445,2019-01-07 09:05:00
"210",-404,"RLA496830S",1.707,3.3398125,-0.32926,2019-01-07 09:05:00
"211",-404,"RLA496830S",1.707,3.347625,-0.32926,2019-01-07 09:05:00
"212",-405,"RLA496830S",1.707,3.3554375,-0.330075,2019-01-07 09:05:00
"213",-405,"RLA496830S",1.707,3.36325,-0.330075,2019-01-07 09:05:00
"214",-407,"RLA496830S",1.707,3.3710625,-0.331705,2019-01-07 09:05:00
"215",-410,"RLA496830S",1.707,3.378875,-0.33415,2019-01-07 09:05:00
"216",-409,"RLA496830S",1.707,3.3866875,-0.333335,2019-01-07 09:05:00
"217",-406,"RLA496830S",1.707,3.3945,-0.33089,2019-01-07 09:05:00
"218",-406,"RLA496830S",1.707,3.4023125,-0.33089,2019-01-07 09:05:00
"219",-406,"RLA496830S",1.707,3.410125,-0.33089,2019-01-07 09:05:00
"220",-406,"RLA496830S",1.707,3.4179375,-0.33089,2019-01-07 09:05:00
"221",-409,"RLA496830S",1.707,3.42575,-0.333335,2019-01-07 09:05:00
"222",-410,"RLA496830S",1.707,3.4335625,-0.33415,2019-01-07 09:05:00
"223",-408,"RLA496830S",1.707,3.441375,-0.33252,2019-01-07 09:05:00
"224",-407,"RLA496830S",1.707,3.4491875,-0.331705,2019-01-07 09:05:00
"225",-405,"RLA496830S",1.707,3.457,-0.330075,2019-01-07 09:05:00
"226",-406,"RLA496830S",1.707,3.4648125,-0.33089,2019-01-07 09:05:00
"227",-409,"RLA496830S",1.707,3.472625,-0.333335,2019-01-07 09:05:00
"228",-408,"RLA496830S",1.707,3.4804375,-0.33252,2019-01-07 09:05:00
"229",-406,"RLA496830S",1.707,3.48825,-0.33089,2019-01-07 09:05:00
"230",-408,"RLA496830S",1.707,3.4960625,-0.33252,2019-01-07 09:05:00
"231",-411,"RLA496830S",1.707,3.503875,-0.334965,2019-01-07 09:05:00
"232",-413,"RLA496830S",1.707,3.5116875,-0.336595,2019-01-07 09:05:00
"233",-411,"RLA496830S",1.707,3.5195,-0.334965,2019-01-07 09:05:00
"234",-408,"RLA496830S",1.707,3.5273125,-0.33252,2019-01-07 09:05:00
"235",-409,"RLA496830S",1.707,3.535125,-0.333335,2019-01-07 09:05:00
"236",-411,"RLA496830S",1.707,3.5429375,-0.334965,2019-01-07 09:05:00
"237",-409,"RLA496830S",1.707,3.55075,-0.333335,2019-01-07 09:05:00
"238",-407,"RLA496830S",1.707,3.5585625,-0.331705,2019-01-07 09:05:00
"239",-409,"RLA496830S",1.707,3.566375,-0.333335,2019-01-07 09:05:00
"240",-409,"RLA496830S",1.707,3.5741875,-0.333335,2019-01-07 09:05:00
"241",-408,"RLA496830S",1.707,3.582,-0.33252,2019-01-07 09:05:00
"242",-409,"RLA496830S",1.707,3.5898125,-0.333335,2019-01-07 09:05:00
"243",-410,"RLA496830S",1.707,3.597625,-0.33415,2019-01-07 09:05:00
"244",-410,"RLA496830S",1.707,3.6054375,-0.33415,2019-01-07 09:05:00
"245",-411,"RLA496830S",1.707,3.61325,-0.334965,2019-01-07 09:05:00
"246",-409,"RLA496830S",1.707,3.6210625,-0.333335,2019-01-07 09:05:00
"247",-407,"RLA496830S",1.707,3.628875,-0.331705,2019-01-07 09:05:00
"248",-411,"RLA496830S",1.707,3.6366875,-0.334965,2019-01-07 09:05:00
"249",-411,"RLA496830S",1.707,3.6445,-0.334965,2019-01-07 09:05:00
"250",-409,"RLA496830S",1.707,3.6523125,-0.333335,2019-01-07 09:05:00
"251",-409,"RLA496830S",1.707,3.660125,-0.333335,2019-01-07 09:05:00
"252",-409,"RLA496830S",1.707,3.6679375,-0.333335,2019-01-07 09:05:00
"253",-409,"RLA496830S",1.707,3.67575,-0.333335,2019-01-07 09:05:00
"254",-411,"RLA496830S",1.707,3.6835625,-0.334965,2019-01-07 09:05:00
"255",-414,"RLA496830S",1.707,3.691375,-0.33741,2019-01-07 09:05:00
"256",-412,"RLA496830S",1.707,3.6991875,-0.33578,2019-01-07 09:05:00
"257",-409,"RLA496830S",1.707,3.707,-0.333335,2019-01-07 09:05:00
"258",-409,"RLA496830S",1.707,3.7148125,-0.333335,2019-01-07 09:05:00
"259",-412,"RLA496830S",1.707,3.722625,-0.33578,2019-01-07 09:05:00
"260",-414,"RLA496830S",1.707,3.7304375,-0.33741,2019-01-07 09:05:00
"261",-413,"RLA496830S",1.707,3.73825,-0.336595,2019-01-07 09:05:00
"262",-410,"RLA496830S",1.707,3.7460625,-0.33415,2019-01-07 09:05:00
"263",-410,"RLA496830S",1.707,3.753875,-0.33415,2019-01-07 09:05:00
"264",-411,"RLA496830S",1.707,3.7616875,-0.334965,2019-01-07 09:05:00
"265",-413,"RLA496830S",1.707,3.7695,-0.336595,2019-01-07 09:05:00
"266",-413,"RLA496830S",1.707,3.7773125,-0.336595,2019-01-07 09:05:00
"267",-412,"RLA496830S",1.707,3.785125,-0.33578,2019-01-07 09:05:00
"268",-411,"RLA496830S",1.707,3.7929375,-0.334965,2019-01-07 09:05:00
"269",-412,"RLA496830S",1.707,3.80075,-0.33578,2019-01-07 09:05:00
"270",-410,"RLA496830S",1.707,3.8085625,-0.33415,2019-01-07 09:05:00
"271",-409,"RLA496830S",1.707,3.816375,-0.333335,2019-01-07 09:05:00
"272",-415,"RLA496830S",1.707,3.8241875,-0.338225,2019-01-07 09:05:00
"273",-413,"RLA496830S",1.707,3.832,-0.336595,2019-01-07 09:05:00
"274",-410,"RLA496830S",1.707,3.8398125,-0.33415,2019-01-07 09:05:00
"275",-411,"RLA496830S",1.707,3.847625,-0.334965,2019-01-07 09:05:00
"276",-412,"RLA496830S",1.707,3.8554375,-0.33578,2019-01-07 09:05:00
"277",-412,"RLA496830S",1.707,3.86325,-0.33578,2019-01-07 09:05:00
"278",-412,"RLA496830S",1.707,3.8710625,-0.33578,2019-01-07 09:05:00
"279",-413,"RLA496830S",1.707,3.878875,-0.336595,2019-01-07 09:05:00
"280",-413,"RLA496830S",1.707,3.8866875,-0.336595,2019-01-07 09:05:00
"281",-416,"RLA496830S",1.707,3.8945,-0.33904,2019-01-07 09:05:00
"282",-420,"RLA496830S",1.707,3.9023125,-0.3423,2019-01-07 09:05:00
"283",-421,"RLA496830S",1.707,3.910125,-0.343115,2019-01-07 09:05:00
"284",-421,"RLA496830S",1.707,3.9179375,-0.343115,2019-01-07 09:05:00
"285",-424,"RLA496830S",1.707,3.92575,-0.34556,2019-01-07 09:05:00
"286",-437,"RLA496830S",1.707,3.9335625,-0.356155,2019-01-07 09:05:00
"287",-446,"RLA496830S",1.707,3.941375,-0.36349,2019-01-07 09:05:00
"288",-425,"RLA496830S",1.707,3.9491875,-0.346375,2019-01-07 09:05:00
"289",-407,"RLA496830S",1.707,3.957,-0.331705,2019-01-07 09:05:00
"290",-404,"RLA496830S",1.707,3.9648125,-0.32926,2019-01-07 09:05:00
"291",-405,"RLA496830S",1.707,3.972625,-0.330075,2019-01-07 09:05:00
"292",-404,"RLA496830S",1.707,3.9804375,-0.32926,2019-01-07 09:05:00
"293",-403,"RLA496830S",1.707,3.98825,-0.328445,2019-01-07 09:05:00
"294",-401,"RLA496830S",1.707,3.9960625,-0.326815,2019-01-07 09:05:00
"295",-399,"RLA496830S",1.707,4.003875,-0.325185,2019-01-07 09:05:00
"296",-403,"RLA496830S",1.707,4.0116875,-0.328445,2019-01-07 09:05:00
"297",-405,"RLA496830S",1.707,4.0195,-0.330075,2019-01-07 09:05:00
"298",-403,"RLA496830S",1.707,4.0273125,-0.328445,2019-01-07 09:05:00
"299",-400,"RLA496830S",1.707,4.035125,-0.326,2019-01-07 09:05:00
"300",-420,"RLA496830S",1.707,4.0429375,-0.3423,2019-01-07 09:05:00
"301",-576,"RLA496830S",1.707,4.05075,-0.46944,2019-01-07 09:05:00
"302",-909,"RLA496830S",1.707,4.0585625,-0.740835,2019-01-07 09:05:00
"303",-1070,"RLA496830S",1.707,4.066375,-0.87205,2019-01-07 09:05:00
"304",-472,"RLA496830S",1.707,4.0741875,-0.38468,2019-01-07 09:05:00
"305",-151,"RLA496830S",1.707,4.082,-0.123065,2019-01-07 09:05:00
"306",-331,"RLA496830S",1.707,4.0898125,-0.269765,2019-01-07 09:05:00
"307",-477,"RLA496830S",1.707,4.097625,-0.388755,2019-01-07 09:05:00
"308",-413,"RLA496830S",1.707,4.1054375,-0.336595,2019-01-07 09:05:00
"309",-393,"RLA496830S",1.707,4.11325,-0.320295,2019-01-07 09:05:00
"310",-412,"RLA496830S",1.707,4.1210625,-0.33578,2019-01-07 09:05:00
"311",-391,"RLA496830S",1.707,4.128875,-0.318665,2019-01-07 09:05:00
"312",-416,"RLA496830S",1.707,4.1366875,-0.33904,2019-01-07 09:05:00
"313",-406,"RLA496830S",1.707,4.1445,-0.33089,2019-01-07 09:05:00
"314",-392,"RLA496830S",1.707,4.1523125,-0.31948,2019-01-07 09:05:00
"315",-430,"RLA496830S",1.707,4.160125,-0.35045,2019-01-07 09:05:00
"316",-440,"RLA496830S",1.707,4.1679375,-0.3586,2019-01-07 09:05:00
"317",-442,"RLA496830S",1.707,4.17575,-0.36023,2019-01-07 09:05:00
"318",-448,"RLA496830S",1.707,4.1835625,-0.36512,2019-01-07 09:05:00
"319",-462,"RLA496830S",1.707,4.191375,-0.37653,2019-01-07 09:05:00
"320",-486,"RLA496830S",1.707,4.1991875,-0.39609,2019-01-07 09:05:00
"321",-484,"RLA496830S",1.707,4.207,-0.39446,2019-01-07 09:05:00
"322",-509,"RLA496830S",1.707,4.2148125,-0.414835,2019-01-07 09:05:00
"323",-534,"RLA496830S",1.707,4.222625,-0.43521,2019-01-07 09:05:00
"324",-543,"RLA496830S",1.707,4.2304375,-0.442545,2019-01-07 09:05:00
"325",-567,"RLA496830S",1.707,4.23825,-0.462105,2019-01-07 09:05:00
"326",-589,"RLA496830S",1.707,4.2460625,-0.480035,2019-01-07 09:05:00
"327",-586,"RLA496830S",1.707,4.253875,-0.47759,2019-01-07 09:05:00
"328",-516,"RLA496830S",1.707,4.2616875,-0.42054,2019-01-07 09:05:00
"329",-440,"RLA496830S",1.707,4.2695,-0.3586,2019-01-07 09:05:00
"330",-399,"RLA496830S",1.707,4.2773125,-0.325185,2019-01-07 09:05:00
"331",-382,"RLA496830S",1.707,4.285125,-0.31133,2019-01-07 09:05:00
"332",-379,"RLA496830S",1.707,4.2929375,-0.308885,2019-01-07 09:05:00
"333",-378,"RLA496830S",1.707,4.30075,-0.30807,2019-01-07 09:05:00
"334",-375,"RLA496830S",1.707,4.3085625,-0.305625,2019-01-07 09:05:00
"335",-376,"RLA496830S",1.707,4.316375,-0.30644,2019-01-07 09:05:00
"336",-375,"RLA496830S",1.707,4.3241875,-0.305625,2019-01-07 09:05:00
"337",-372,"RLA496830S",1.707,4.332,-0.30318,2019-01-07 09:05:00
"338",-375,"RLA496830S",1.707,4.3398125,-0.305625,2019-01-07 09:05:00
"339",-378,"RLA496830S",1.707,4.347625,-0.30807,2019-01-07 09:05:00
"340",-378,"RLA496830S",1.707,4.3554375,-0.30807,2019-01-07 09:05:00
"341",-380,"RLA496830S",1.707,4.36325,-0.3097,2019-01-07 09:05:00
"342",-380,"RLA496830S",1.707,4.3710625,-0.3097,2019-01-07 09:05:00
"343",-382,"RLA496830S",1.707,4.378875,-0.31133,2019-01-07 09:05:00
"344",-385,"RLA496830S",1.707,4.3866875,-0.313775,2019-01-07 09:05:00
"345",-386,"RLA496830S",1.707,4.3945,-0.31459,2019-01-07 09:05:00
"346",-386,"RLA496830S",1.707,4.4023125,-0.31459,2019-01-07 09:05:00
"347",-384,"RLA496830S",1.707,4.410125,-0.31296,2019-01-07 09:05:00
"348",-386,"RLA496830S",1.707,4.4179375,-0.31459,2019-01-07 09:05:00
"349",-387,"RLA496830S",1.707,4.42575,-0.315405,2019-01-07 09:05:00
"350",-385,"RLA496830S",1.707,4.4335625,-0.313775,2019-01-07 09:05:00
"351",-384,"RLA496830S",1.707,4.441375,-0.31296,2019-01-07 09:05:00
"352",-383,"RLA496830S",1.707,4.4491875,-0.312145,2019-01-07 09:05:00
"353",-383,"RLA496830S",1.707,4.457,-0.312145,2019-01-07 09:05:00
"354",-384,"RLA496830S",1.707,4.4648125,-0.31296,2019-01-07 09:05:00
"355",-386,"RLA496830S",1.707,4.472625,-0.31459,2019-01-07 09:05:00
"356",-387,"RLA496830S",1.707,4.4804375,-0.315405,2019-01-07 09:05:00
"357",-384,"RLA496830S",1.707,4.48825,-0.31296,2019-01-07 09:05:00
"358",-384,"RLA496830S",1.707,4.4960625,-0.31296,2019-01-07 09:05:00
"359",-385,"RLA496830S",1.707,4.503875,-0.313775,2019-01-07 09:05:00
"360",-382,"RLA496830S",1.707,4.5116875,-0.31133,2019-01-07 09:05:00
"361",-380,"RLA496830S",1.707,4.5195,-0.3097,2019-01-07 09:05:00
"362",-383,"RLA496830S",1.707,4.5273125,-0.312145,2019-01-07 09:05:00
"363",-388,"RLA496830S",1.707,4.535125,-0.31622,2019-01-07 09:05:00
"364",-388,"RLA496830S",1.707,4.5429375,-0.31622,2019-01-07 09:05:00
"365",-389,"RLA496830S",1.707,4.55075,-0.317035,2019-01-07 09:05:00
"366",-396,"RLA496830S",1.707,4.5585625,-0.32274,2019-01-07 09:05:00
"367",-397,"RLA496830S",1.707,4.566375,-0.323555,2019-01-07 09:05:00
"368",-391,"RLA496830S",1.707,4.5741875,-0.318665,2019-01-07 09:05:00
"369",-403,"RLA496830S",1.707,4.582,-0.328445,2019-01-07 09:05:00
"370",-426,"RLA496830S",1.707,4.5898125,-0.34719,2019-01-07 09:05:00
"371",-429,"RLA496830S",1.707,4.597625,-0.349635,2019-01-07 09:05:00
"372",-400,"RLA496830S",1.707,4.6054375,-0.326,2019-01-07 09:05:00
"373",-379,"RLA496830S",1.707,4.61325,-0.308885,2019-01-07 09:05:00
"374",-379,"RLA496830S",1.707,4.6210625,-0.308885,2019-01-07 09:05:00
"375",-379,"RLA496830S",1.707,4.628875,-0.308885,2019-01-07 09:05:00
"376",-376,"RLA496830S",1.707,4.6366875,-0.30644,2019-01-07 09:05:00
"377",-376,"RLA496830S",1.707,4.6445,-0.30644,2019-01-07 09:05:00
"378",-374,"RLA496830S",1.707,4.6523125,-0.30481,2019-01-07 09:05:00
"379",-372,"RLA496830S",1.707,4.660125,-0.30318,2019-01-07 09:05:00
"380",-372,"RLA496830S",1.707,4.6679375,-0.30318,2019-01-07 09:05:00
"381",-372,"RLA496830S",1.707,4.67575,-0.30318,2019-01-07 09:05:00
"382",-374,"RLA496830S",1.707,4.6835625,-0.30481,2019-01-07 09:05:00
"383",-375,"RLA496830S",1.707,4.691375,-0.305625,2019-01-07 09:05:00
"384",-404,"RLA496830S",1.707,4.6991875,-0.32926,2019-01-07 09:05:00
"385",-575,"RLA496830S",1.707,4.707,-0.468625,2019-01-07 09:05:00
"386",-924,"RLA496830S",1.707,4.7148125,-0.75306,2019-01-07 09:05:00
"387",-1014,"RLA496830S",1.707,4.722625,-0.82641,2019-01-07 09:05:00
"388",-506,"RLA496830S",1.707,4.7304375,-0.41239,2019-01-07 09:05:00
"389",-133,"RLA496830S",1.707,4.73825,-0.108395,2019-01-07 09:05:00
"390",-310,"RLA496830S",1.707,4.7460625,-0.25265,2019-01-07 09:05:00
"391",-465,"RLA496830S",1.707,4.753875,-0.378975,2019-01-07 09:05:00
"392",-378,"RLA496830S",1.707,4.7616875,-0.30807,2019-01-07 09:05:00
"393",-372,"RLA496830S",1.707,4.7695,-0.30318,2019-01-07 09:05:00
"394",-394,"RLA496830S",1.707,4.7773125,-0.32111,2019-01-07 09:05:00
"395",-383,"RLA496830S",1.707,4.785125,-0.312145,2019-01-07 09:05:00
"396",-394,"RLA496830S",1.707,4.7929375,-0.32111,2019-01-07 09:05:00
"397",-384,"RLA496830S",1.707,4.80075,-0.31296,2019-01-07 09:05:00
"398",-372,"RLA496830S",1.707,4.8085625,-0.30318,2019-01-07 09:05:00
"399",-413,"RLA496830S",1.707,4.816375,-0.336595,2019-01-07 09:05:00
"400",-415,"RLA496830S",1.707,4.8241875,-0.338225,2019-01-07 09:05:00
"401",-420,"RLA496830S",1.707,4.832,-0.3423,2019-01-07 09:05:00
"402",-436,"RLA496830S",1.707,4.8398125,-0.35534,2019-01-07 09:05:00
"403",-451,"RLA496830S",1.707,4.847625,-0.367565,2019-01-07 09:05:00
"404",-464,"RLA496830S",1.707,4.8554375,-0.37816,2019-01-07 09:05:00
"405",-466,"RLA496830S",1.707,4.86325,-0.37979,2019-01-07 09:05:00
"406",-495,"RLA496830S",1.707,4.8710625,-0.403425,2019-01-07 09:05:00
"407",-521,"RLA496830S",1.707,4.878875,-0.424615,2019-01-07 09:05:00
"408",-530,"RLA496830S",1.707,4.8866875,-0.43195,2019-01-07 09:05:00
"409",-556,"RLA496830S",1.707,4.8945,-0.45314,2019-01-07 09:05:00
"410",-557,"RLA496830S",1.707,4.9023125,-0.453955,2019-01-07 09:05:00
"411",-503,"RLA496830S",1.707,4.910125,-0.409945,2019-01-07 09:05:00
"412",-427,"RLA496830S",1.707,4.9179375,-0.348005,2019-01-07 09:05:00
"413",-383,"RLA496830S",1.707,4.92575,-0.312145,2019-01-07 09:05:00
"414",-378,"RLA496830S",1.707,4.9335625,-0.30807,2019-01-07 09:05:00
"415",-370,"RLA496830S",1.707,4.941375,-0.30155,2019-01-07 09:05:00
"416",-366,"RLA496830S",1.707,4.9491875,-0.29829,2019-01-07 09:05:00
"417",-365,"RLA496830S",1.707,4.957,-0.297475,2019-01-07 09:05:00
"418",-361,"RLA496830S",1.707,4.9648125,-0.294215,2019-01-07 09:05:00
"419",-364,"RLA496830S",1.707,4.972625,-0.29666,2019-01-07 09:05:00
"420",-364,"RLA496830S",1.707,4.9804375,-0.29666,2019-01-07 09:05:00
"421",-363,"RLA496830S",1.707,4.98825,-0.295845,2019-01-07 09:05:00
"422",-367,"RLA496830S",1.707,4.9960625,-0.299105,2019-01-07 09:05:00
"423",-368,"RLA496830S",1.707,5.003875,-0.29992,2019-01-07 09:05:00
"424",-371,"RLA496830S",1.707,5.0116875,-0.302365,2019-01-07 09:05:00
"425",-374,"RLA496830S",1.707,5.0195,-0.30481,2019-01-07 09:05:00
"426",-376,"RLA496830S",1.707,5.0273125,-0.30644,2019-01-07 09:05:00
"427",-376,"RLA496830S",1.707,5.035125,-0.30644,2019-01-07 09:05:00
"428",-376,"RLA496830S",1.707,5.0429375,-0.30644,2019-01-07 09:05:00
"429",-381,"RLA496830S",1.707,5.05075,-0.310515,2019-01-07 09:05:00
"430",-383,"RLA496830S",1.707,5.0585625,-0.312145,2019-01-07 09:05:00
"431",-382,"RLA496830S",1.707,5.066375,-0.31133,2019-01-07 09:05:00
"432",-382,"RLA496830S",1.707,5.0741875,-0.31133,2019-01-07 09:05:00
"433",-382,"RLA496830S",1.707,5.082,-0.31133,2019-01-07 09:05:00
"434",-383,"RLA496830S",1.707,5.0898125,-0.312145,2019-01-07 09:05:00
"435",-383,"RLA496830S",1.707,5.097625,-0.312145,2019-01-07 09:05:00
"436",-384,"RLA496830S",1.707,5.1054375,-0.31296,2019-01-07 09:05:00
"437",-389,"RLA496830S",1.707,5.11325,-0.317035,2019-01-07 09:05:00
"438",-394,"RLA496830S",1.707,5.1210625,-0.32111,2019-01-07 09:05:00
"439",-394,"RLA496830S",1.707,5.128875,-0.32111,2019-01-07 09:05:00
"440",-397,"RLA496830S",1.707,5.1366875,-0.323555,2019-01-07 09:05:00
"441",-415,"RLA496830S",1.707,5.1445,-0.338225,2019-01-07 09:05:00
"442",-425,"RLA496830S",1.707,5.1523125,-0.346375,2019-01-07 09:05:00
"443",-401,"RLA496830S",1.707,5.160125,-0.326815,2019-01-07 09:05:00
"444",-377,"RLA496830S",1.707,5.1679375,-0.307255,2019-01-07 09:05:00
"445",-375,"RLA496830S",1.707,5.17575,-0.305625,2019-01-07 09:05:00
"446",-375,"RLA496830S",1.707,5.1835625,-0.305625,2019-01-07 09:05:00
"447",-371,"RLA496830S",1.707,5.191375,-0.302365,2019-01-07 09:05:00
"448",-374,"RLA496830S",1.707,5.1991875,-0.30481,2019-01-07 09:05:00
"449",-372,"RLA496830S",1.707,5.207,-0.30318,2019-01-07 09:05:00
"450",-368,"RLA496830S",1.707,5.2148125,-0.29992,2019-01-07 09:05:00
"451",-370,"RLA496830S",1.707,5.222625,-0.30155,2019-01-07 09:05:00
"452",-372,"RLA496830S",1.707,5.2304375,-0.30318,2019-01-07 09:05:00
"453",-368,"RLA496830S",1.707,5.23825,-0.29992,2019-01-07 09:05:00
"454",-409,"RLA496830S",1.707,5.2460625,-0.333335,2019-01-07 09:05:00
"455",-565,"RLA496830S",1.707,5.253875,-0.460475,2019-01-07 09:05:00
"456",-948,"RLA496830S",1.707,5.2616875,-0.77262,2019-01-07 09:05:00
"457",-982,"RLA496830S",1.707,5.2695,-0.80033,2019-01-07 09:05:00
"458",-485,"RLA496830S",1.707,5.2773125,-0.395275,2019-01-07 09:05:00
"459",-155,"RLA496830S",1.707,5.285125,-0.126325,2019-01-07 09:05:00
"460",-320,"RLA496830S",1.707,5.2929375,-0.2608,2019-01-07 09:05:00
"461",-411,"RLA496830S",1.707,5.30075,-0.334965,2019-01-07 09:05:00
"462",-356,"RLA496830S",1.707,5.3085625,-0.29014,2019-01-07 09:05:00
"463",-373,"RLA496830S",1.707,5.316375,-0.303995,2019-01-07 09:05:00
"464",-389,"RLA496830S",1.707,5.3241875,-0.317035,2019-01-07 09:05:00
"465",-379,"RLA496830S",1.707,5.332,-0.308885,2019-01-07 09:05:00
"466",-393,"RLA496830S",1.707,5.3398125,-0.320295,2019-01-07 09:05:00
"467",-386,"RLA496830S",1.707,5.347625,-0.31459,2019-01-07 09:05:00
"468",-400,"RLA496830S",1.707,5.3554375,-0.326,2019-01-07 09:05:00
"469",-427,"RLA496830S",1.707,5.36325,-0.348005,2019-01-07 09:05:00
"470",-416,"RLA496830S",1.707,5.3710625,-0.33904,2019-01-07 09:05:00
"471",-425,"RLA496830S",1.707,5.378875,-0.346375,2019-01-07 09:05:00
"472",-436,"RLA496830S",1.707,5.3866875,-0.35534,2019-01-07 09:05:00
"473",-449,"RLA496830S",1.707,5.3945,-0.365935,2019-01-07 09:05:00
"474",-470,"RLA496830S",1.707,5.4023125,-0.38305,2019-01-07 09:05:00
"475",-482,"RLA496830S",1.707,5.410125,-0.39283,2019-01-07 09:05:00
"476",-505,"RLA496830S",1.707,5.4179375,-0.411575,2019-01-07 09:05:00
"477",-521,"RLA496830S",1.707,5.42575,-0.424615,2019-01-07 09:05:00
"478",-537,"RLA496830S",1.707,5.4335625,-0.437655,2019-01-07 09:05:00
"479",-558,"RLA496830S",1.707,5.441375,-0.45477,2019-01-07 09:05:00
"480",-524,"RLA496830S",1.707,5.4491875,-0.42706,2019-01-07 09:05:00
"481",-461,"RLA496830S",1.707,5.457,-0.375715,2019-01-07 09:05:00
"482",-402,"RLA496830S",1.707,5.4648125,-0.32763,2019-01-07 09:05:00
"483",-375,"RLA496830S",1.707,5.472625,-0.305625,2019-01-07 09:05:00
"484",-375,"RLA496830S",1.707,5.4804375,-0.305625,2019-01-07 09:05:00
"485",-371,"RLA496830S",1.707,5.48825,-0.302365,2019-01-07 09:05:00
"486",-369,"RLA496830S",1.707,5.4960625,-0.300735,2019-01-07 09:05:00
"487",-371,"RLA496830S",1.707,5.503875,-0.302365,2019-01-07 09:05:00
"488",-366,"RLA496830S",1.707,5.5116875,-0.29829,2019-01-07 09:05:00
"489",-368,"RLA496830S",1.707,5.5195,-0.29992,2019-01-07 09:05:00
"490",-369,"RLA496830S",1.707,5.5273125,-0.300735,2019-01-07 09:05:00
"491",-371,"RLA496830S",1.707,5.535125,-0.302365,2019-01-07 09:05:00
"492",-372,"RLA496830S",1.707,5.5429375,-0.30318,2019-01-07 09:05:00
"493",-372,"RLA496830S",1.707,5.55075,-0.30318,2019-01-07 09:05:00
"494",-376,"RLA496830S",1.707,5.5585625,-0.30644,2019-01-07 09:05:00
"495",-378,"RLA496830S",1.707,5.566375,-0.30807,2019-01-07 09:05:00
"496",-380,"RLA496830S",1.707,5.5741875,-0.3097,2019-01-07 09:05:00
"497",-384,"RLA496830S",1.707,5.582,-0.31296,2019-01-07 09:05:00
"498",-383,"RLA496830S",1.707,5.5898125,-0.312145,2019-01-07 09:05:00
"499",-380,"RLA496830S",1.707,5.597625,-0.3097,2019-01-07 09:05:00
"500",-379,"RLA496830S",1.707,5.6054375,-0.308885,2019-01-07 09:05:00
"501",-381,"RLA496830S",1.707,5.61325,-0.310515,2019-01-07 09:05:00
"502",-387,"RLA496830S",1.707,5.6210625,-0.315405,2019-01-07 09:05:00
"503",-393,"RLA496830S",1.707,5.628875,-0.320295,2019-01-07 09:05:00
"504",-395,"RLA496830S",1.707,5.6366875,-0.321925,2019-01-07 09:05:00
"505",-393,"RLA496830S",1.707,5.6445,-0.320295,2019-01-07 09:05:00
"506",-392,"RLA496830S",1.707,5.6523125,-0.31948,2019-01-07 09:05:00
"507",-411,"RLA496830S",1.707,5.660125,-0.334965,2019-01-07 09:05:00
"508",-428,"RLA496830S",1.707,5.6679375,-0.34882,2019-01-07 09:05:00
"509",-411,"RLA496830S",1.707,5.67575,-0.334965,2019-01-07 09:05:00
"510",-389,"RLA496830S",1.707,5.6835625,-0.317035,2019-01-07 09:05:00
"511",-375,"RLA496830S",1.707,5.691375,-0.305625,2019-01-07 09:05:00
"512",-369,"RLA496830S",1.707,5.6991875,-0.300735,2019-01-07 09:05:00
"513",-369,"RLA496830S",1.707,5.707,-0.300735,2019-01-07 09:05:00
"514",-366,"RLA496830S",1.707,5.7148125,-0.29829,2019-01-07 09:05:00
"515",-367,"RLA496830S",1.707,5.722625,-0.299105,2019-01-07 09:05:00
"516",-368,"RLA496830S",1.707,5.7304375,-0.29992,2019-01-07 09:05:00
"517",-364,"RLA496830S",1.707,5.73825,-0.29666,2019-01-07 09:05:00
"518",-360,"RLA496830S",1.707,5.7460625,-0.2934,2019-01-07 09:05:00
"519",-374,"RLA496830S",1.707,5.753875,-0.30481,2019-01-07 09:05:00
"520",-513,"RLA496830S",1.707,5.7616875,-0.418095,2019-01-07 09:05:00
"521",-794,"RLA496830S",1.707,5.7695,-0.64711,2019-01-07 09:05:00
"522",-939,"RLA496830S",1.707,5.7773125,-0.765285,2019-01-07 09:05:00
"523",-604,"RLA496830S",1.707,5.785125,-0.49226,2019-01-07 09:05:00
"524",-252,"RLA496830S",1.707,5.7929375,-0.20538,2019-01-07 09:05:00
"525",-303,"RLA496830S",1.707,5.80075,-0.246945,2019-01-07 09:05:00
"526",-416,"RLA496830S",1.707,5.8085625,-0.33904,2019-01-07 09:05:00
"527",-375,"RLA496830S",1.707,5.816375,-0.305625,2019-01-07 09:05:00
"528",-354,"RLA496830S",1.707,5.8241875,-0.28851,2019-01-07 09:05:00
"529",-374,"RLA496830S",1.707,5.832,-0.30481,2019-01-07 09:05:00
"530",-367,"RLA496830S",1.707,5.8398125,-0.299105,2019-01-07 09:05:00
"531",-385,"RLA496830S",1.707,5.847625,-0.313775,2019-01-07 09:05:00
"532",-396,"RLA496830S",1.707,5.8554375,-0.32274,2019-01-07 09:05:00
"533",-379,"RLA496830S",1.707,5.86325,-0.308885,2019-01-07 09:05:00
"534",-389,"RLA496830S",1.707,5.8710625,-0.317035,2019-01-07 09:05:00
"535",-395,"RLA496830S",1.707,5.878875,-0.321925,2019-01-07 09:05:00
"536",-415,"RLA496830S",1.707,5.8866875,-0.338225,2019-01-07 09:05:00
"537",-420,"RLA496830S",1.707,5.8945,-0.3423,2019-01-07 09:05:00
"538",-411,"RLA496830S",1.707,5.9023125,-0.334965,2019-01-07 09:05:00
"539",-433,"RLA496830S",1.707,5.910125,-0.352895,2019-01-07 09:05:00
"540",-454,"RLA496830S",1.707,5.9179375,-0.37001,2019-01-07 09:05:00
"541",-475,"RLA496830S",1.707,5.92575,-0.387125,2019-01-07 09:05:00
"542",-498,"RLA496830S",1.707,5.9335625,-0.40587,2019-01-07 09:05:00
"543",-512,"RLA496830S",1.707,5.941375,-0.41728,2019-01-07 09:05:00
"544",-534,"RLA496830S",1.707,5.9491875,-0.43521,2019-01-07 09:05:00
"545",-513,"RLA496830S",1.707,5.957,-0.418095,2019-01-07 09:05:00
"546",-454,"RLA496830S",1.707,5.9648125,-0.37001,2019-01-07 09:05:00
"547",-399,"RLA496830S",1.707,5.972625,-0.325185,2019-01-07 09:05:00
"548",-370,"RLA496830S",1.707,5.9804375,-0.30155,2019-01-07 09:05:00
"549",-364,"RLA496830S",1.707,5.98825,-0.29666,2019-01-07 09:05:00
"550",-364,"RLA496830S",1.707,5.9960625,-0.29666,2019-01-07 09:05:00
"551",-365,"RLA496830S",1.707,6.003875,-0.297475,2019-01-07 09:05:00
"552",-366,"RLA496830S",1.707,6.0116875,-0.29829,2019-01-07 09:05:00
"553",-364,"RLA496830S",1.707,6.0195,-0.29666,2019-01-07 09:05:00
"554",-366,"RLA496830S",1.707,6.0273125,-0.29829,2019-01-07 09:05:00
"555",-369,"RLA496830S",1.707,6.035125,-0.300735,2019-01-07 09:05:00
"556",-371,"RLA496830S",1.707,6.0429375,-0.302365,2019-01-07 09:05:00
"557",-372,"RLA496830S",1.707,6.05075,-0.30318,2019-01-07 09:05:00
"558",-370,"RLA496830S",1.707,6.0585625,-0.30155,2019-01-07 09:05:00
"559",-370,"RLA496830S",1.707,6.066375,-0.30155,2019-01-07 09:05:00
"560",-376,"RLA496830S",1.707,6.0741875,-0.30644,2019-01-07 09:05:00
"561",-377,"RLA496830S",1.707,6.082,-0.307255,2019-01-07 09:05:00
"562",-377,"RLA496830S",1.707,6.0898125,-0.307255,2019-01-07 09:05:00
"563",-378,"RLA496830S",1.707,6.097625,-0.30807,2019-01-07 09:05:00
"564",-380,"RLA496830S",1.707,6.1054375,-0.3097,2019-01-07 09:05:00
"565",-383,"RLA496830S",1.707,6.11325,-0.312145,2019-01-07 09:05:00
"566",-388,"RLA496830S",1.707,6.1210625,-0.31622,2019-01-07 09:05:00
"567",-396,"RLA496830S",1.707,6.128875,-0.32274,2019-01-07 09:05:00
"568",-397,"RLA496830S",1.707,6.1366875,-0.323555,2019-01-07 09:05:00
"569",-395,"RLA496830S",1.707,6.1445,-0.321925,2019-01-07 09:05:00
"570",-414,"RLA496830S",1.707,6.1523125,-0.33741,2019-01-07 09:05:00
"571",-431,"RLA496830S",1.707,6.160125,-0.351265,2019-01-07 09:05:00
"572",-410,"RLA496830S",1.707,6.1679375,-0.33415,2019-01-07 09:05:00
"573",-379,"RLA496830S",1.707,6.17575,-0.308885,2019-01-07 09:05:00
"574",-370,"RLA496830S",1.707,6.1835625,-0.30155,2019-01-07 09:05:00
"575",-375,"RLA496830S",1.707,6.191375,-0.305625,2019-01-07 09:05:00
"576",-371,"RLA496830S",1.707,6.1991875,-0.302365,2019-01-07 09:05:00
"577",-369,"RLA496830S",1.707,6.207,-0.300735,2019-01-07 09:05:00
"578",-370,"RLA496830S",1.707,6.2148125,-0.30155,2019-01-07 09:05:00
"579",-369,"RLA496830S",1.707,6.222625,-0.300735,2019-01-07 09:05:00
"580",-366,"RLA496830S",1.707,6.2304375,-0.29829,2019-01-07 09:05:00
"581",-364,"RLA496830S",1.707,6.23825,-0.29666,2019-01-07 09:05:00
"582",-424,"RLA496830S",1.707,6.2460625,-0.34556,2019-01-07 09:05:00
"583",-611,"RLA496830S",1.707,6.253875,-0.497965,2019-01-07 09:05:00
"584",-969,"RLA496830S",1.707,6.2616875,-0.789735,2019-01-07 09:05:00
"585",-948,"RLA496830S",1.707,6.2695,-0.77262,2019-01-07 09:05:00
"586",-480,"RLA496830S",1.707,6.2773125,-0.3912,2019-01-07 09:05:00
"587",-205,"RLA496830S",1.707,6.285125,-0.167075,2019-01-07 09:05:00
"588",-338,"RLA496830S",1.707,6.2929375,-0.27547,2019-01-07 09:05:00
"589",-386,"RLA496830S",1.707,6.30075,-0.31459,2019-01-07 09:05:00
"590",-341,"RLA496830S",1.707,6.3085625,-0.277915,2019-01-07 09:05:00
"591",-366,"RLA496830S",1.707,6.316375,-0.29829,2019-01-07 09:05:00
"592",-373,"RLA496830S",1.707,6.3241875,-0.303995,2019-01-07 09:05:00
"593",-362,"RLA496830S",1.707,6.332,-0.29503,2019-01-07 09:05:00
"594",-379,"RLA496830S",1.707,6.3398125,-0.308885,2019-01-07 09:05:00
"595",-384,"RLA496830S",1.707,6.347625,-0.31296,2019-01-07 09:05:00
"596",-394,"RLA496830S",1.707,6.3554375,-0.32111,2019-01-07 09:05:00
"597",-392,"RLA496830S",1.707,6.36325,-0.31948,2019-01-07 09:05:00
"598",-382,"RLA496830S",1.707,6.3710625,-0.31133,2019-01-07 09:05:00
"599",-410,"RLA496830S",1.707,6.378875,-0.33415,2019-01-07 09:05:00
"600",-425,"RLA496830S",1.707,6.3866875,-0.346375,2019-01-07 09:05:00
"601",-435,"RLA496830S",1.707,6.3945,-0.354525,2019-01-07 09:05:00
"602",-454,"RLA496830S",1.707,6.4023125,-0.37001,2019-01-07 09:05:00
"603",-470,"RLA496830S",1.707,6.410125,-0.38305,2019-01-07 09:05:00
"604",-487,"RLA496830S",1.707,6.4179375,-0.396905,2019-01-07 09:05:00
"605",-501,"RLA496830S",1.707,6.42575,-0.408315,2019-01-07 09:05:00
"606",-524,"RLA496830S",1.707,6.4335625,-0.42706,2019-01-07 09:05:00
"607",-535,"RLA496830S",1.707,6.441375,-0.436025,2019-01-07 09:05:00
"608",-470,"RLA496830S",1.707,6.4491875,-0.38305,2019-01-07 09:05:00
"609",-409,"RLA496830S",1.707,6.457,-0.333335,2019-01-07 09:05:00
"610",-376,"RLA496830S",1.707,6.4648125,-0.30644,2019-01-07 09:05:00
"611",-366,"RLA496830S",1.707,6.472625,-0.29829,2019-01-07 09:05:00
"612",-367,"RLA496830S",1.707,6.4804375,-0.299105,2019-01-07 09:05:00
"613",-367,"RLA496830S",1.707,6.48825,-0.299105,2019-01-07 09:05:00
"614",-368,"RLA496830S",1.707,6.4960625,-0.29992,2019-01-07 09:05:00
"615",-368,"RLA496830S",1.707,6.503875,-0.29992,2019-01-07 09:05:00
"616",-367,"RLA496830S",1.707,6.5116875,-0.299105,2019-01-07 09:05:00
"617",-371,"RLA496830S",1.707,6.5195,-0.302365,2019-01-07 09:05:00
"618",-370,"RLA496830S",1.707,6.5273125,-0.30155,2019-01-07 09:05:00
"619",-372,"RLA496830S",1.707,6.535125,-0.30318,2019-01-07 09:05:00
"620",-374,"RLA496830S",1.707,6.5429375,-0.30481,2019-01-07 09:05:00
"621",-374,"RLA496830S",1.707,6.55075,-0.30481,2019-01-07 09:05:00
"622",-375,"RLA496830S",1.707,6.5585625,-0.305625,2019-01-07 09:05:00
"623",-378,"RLA496830S",1.707,6.566375,-0.30807,2019-01-07 09:05:00
"624",-381,"RLA496830S",1.707,6.5741875,-0.310515,2019-01-07 09:05:00
"625",-383,"RLA496830S",1.707,6.582,-0.312145,2019-01-07 09:05:00
"626",-390,"RLA496830S",1.707,6.5898125,-0.31785,2019-01-07 09:05:00
"627",-395,"RLA496830S",1.707,6.597625,-0.321925,2019-01-07 09:05:00
"628",-393,"RLA496830S",1.707,6.6054375,-0.320295,2019-01-07 09:05:00
"629",-398,"RLA496830S",1.707,6.61325,-0.32437,2019-01-07 09:05:00
"630",-415,"RLA496830S",1.707,6.6210625,-0.338225,2019-01-07 09:05:00
"631",-436,"RLA496830S",1.707,6.628875,-0.35534,2019-01-07 09:05:00
"632",-441,"RLA496830S",1.707,6.6366875,-0.359415,2019-01-07 09:05:00
"633",-408,"RLA496830S",1.707,6.6445,-0.33252,2019-01-07 09:05:00
"634",-379,"RLA496830S",1.707,6.6523125,-0.308885,2019-01-07 09:05:00
"635",-374,"RLA496830S",1.707,6.660125,-0.30481,2019-01-07 09:05:00
"636",-373,"RLA496830S",1.707,6.6679375,-0.303995,2019-01-07 09:05:00
"637",-371,"RLA496830S",1.707,6.67575,-0.302365,2019-01-07 09:05:00
"638",-372,"RLA496830S",1.707,6.6835625,-0.30318,2019-01-07 09:05:00
"639",-371,"RLA496830S",1.707,6.691375,-0.302365,2019-01-07 09:05:00
"640",-370,"RLA496830S",1.707,6.6991875,-0.30155,2019-01-07 09:05:00
"641",-365,"RLA496830S",1.707,6.707,-0.297475,2019-01-07 09:05:00
"642",-388,"RLA496830S",1.707,6.7148125,-0.31622,2019-01-07 09:05:00
"643",-543,"RLA496830S",1.707,6.722625,-0.442545,2019-01-07 09:05:00
"644",-843,"RLA496830S",1.707,6.7304375,-0.687045,2019-01-07 09:05:00
"645",-930,"RLA496830S",1.707,6.73825,-0.75795,2019-01-07 09:05:00
"646",-542,"RLA496830S",1.707,6.7460625,-0.44173,2019-01-07 09:05:00
"647",-221,"RLA496830S",1.707,6.753875,-0.180115,2019-01-07 09:05:00
"648",-349,"RLA496830S",1.707,6.7616875,-0.284435,2019-01-07 09:05:00
"649",-420,"RLA496830S",1.707,6.7695,-0.3423,2019-01-07 09:05:00
"650",-376,"RLA496830S",1.707,6.7773125,-0.30644,2019-01-07 09:05:00
"651",-361,"RLA496830S",1.707,6.785125,-0.294215,2019-01-07 09:05:00
"652",-369,"RLA496830S",1.707,6.7929375,-0.300735,2019-01-07 09:05:00
"653",-361,"RLA496830S",1.707,6.80075,-0.294215,2019-01-07 09:05:00
"654",-383,"RLA496830S",1.707,6.8085625,-0.312145,2019-01-07 09:05:00
"655",-398,"RLA496830S",1.707,6.816375,-0.32437,2019-01-07 09:05:00
"656",-376,"RLA496830S",1.707,6.8241875,-0.30644,2019-01-07 09:05:00
"657",-390,"RLA496830S",1.707,6.832,-0.31785,2019-01-07 09:05:00
"658",-401,"RLA496830S",1.707,6.8398125,-0.326815,2019-01-07 09:05:00
"659",-408,"RLA496830S",1.707,6.847625,-0.33252,2019-01-07 09:05:00
"660",-418,"RLA496830S",1.707,6.8554375,-0.34067,2019-01-07 09:05:00
"661",-430,"RLA496830S",1.707,6.86325,-0.35045,2019-01-07 09:05:00
"662",-446,"RLA496830S",1.707,6.8710625,-0.36349,2019-01-07 09:05:00
"663",-451,"RLA496830S",1.707,6.878875,-0.367565,2019-01-07 09:05:00
"664",-481,"RLA496830S",1.707,6.8866875,-0.392015,2019-01-07 09:05:00
"665",-501,"RLA496830S",1.707,6.8945,-0.408315,2019-01-07 09:05:00
"666",-517,"RLA496830S",1.707,6.9023125,-0.421355,2019-01-07 09:05:00
"667",-523,"RLA496830S",1.707,6.910125,-0.426245,2019-01-07 09:05:00
"668",-481,"RLA496830S",1.707,6.9179375,-0.392015,2019-01-07 09:05:00
"669",-418,"RLA496830S",1.707,6.92575,-0.34067,2019-01-07 09:05:00
"670",-380,"RLA496830S",1.707,6.9335625,-0.3097,2019-01-07 09:05:00
"671",-369,"RLA496830S",1.707,6.941375,-0.300735,2019-01-07 09:05:00
"672",-371,"RLA496830S",1.707,6.9491875,-0.302365,2019-01-07 09:05:00
"673",-366,"RLA496830S",1.707,6.957,-0.29829,2019-01-07 09:05:00
"674",-365,"RLA496830S",1.707,6.9648125,-0.297475,2019-01-07 09:05:00
"675",-368,"RLA496830S",1.707,6.972625,-0.29992,2019-01-07 09:05:00
"676",-368,"RLA496830S",1.707,6.9804375,-0.29992,2019-01-07 09:05:00
"677",-368,"RLA496830S",1.707,6.98825,-0.29992,2019-01-07 09:05:00
"678",-370,"RLA496830S",1.707,6.9960625,-0.30155,2019-01-07 09:05:00
"679",-374,"RLA496830S",1.707,7.003875,-0.30481,2019-01-07 09:05:00
"680",-376,"RLA496830S",1.707,7.0116875,-0.30644,2019-01-07 09:05:00
"681",-377,"RLA496830S",1.707,7.0195,-0.307255,2019-01-07 09:05:00
"682",-374,"RLA496830S",1.707,7.0273125,-0.30481,2019-01-07 09:05:00
"683",-375,"RLA496830S",1.707,7.035125,-0.305625,2019-01-07 09:05:00
"684",-383,"RLA496830S",1.707,7.0429375,-0.312145,2019-01-07 09:05:00
"685",-386,"RLA496830S",1.707,7.05075,-0.31459,2019-01-07 09:05:00
"686",-383,"RLA496830S",1.707,7.0585625,-0.312145,2019-01-07 09:05:00
"687",-381,"RLA496830S",1.707,7.066375,-0.310515,2019-01-07 09:05:00
"688",-383,"RLA496830S",1.707,7.0741875,-0.312145,2019-01-07 09:05:00
"689",-385,"RLA496830S",1.707,7.082,-0.313775,2019-01-07 09:05:00
"690",-385,"RLA496830S",1.707,7.0898125,-0.313775,2019-01-07 09:05:00
"691",-382,"RLA496830S",1.707,7.097625,-0.31133,2019-01-07 09:05:00
"692",-381,"RLA496830S",1.707,7.1054375,-0.310515,2019-01-07 09:05:00
"693",-385,"RLA496830S",1.707,7.11325,-0.313775,2019-01-07 09:05:00
"694",-390,"RLA496830S",1.707,7.1210625,-0.31785,2019-01-07 09:05:00
"695",-392,"RLA496830S",1.707,7.128875,-0.31948,2019-01-07 09:05:00
"696",-397,"RLA496830S",1.707,7.1366875,-0.323555,2019-01-07 09:05:00
"697",-398,"RLA496830S",1.707,7.1445,-0.32437,2019-01-07 09:05:00
"698",-414,"RLA496830S",1.707,7.1523125,-0.33741,2019-01-07 09:05:00
"699",-430,"RLA496830S",1.707,7.160125,-0.35045,2019-01-07 09:05:00
"700",-416,"RLA496830S",1.707,7.1679375,-0.33904,2019-01-07 09:05:00
"701",-391,"RLA496830S",1.707,7.17575,-0.318665,2019-01-07 09:05:00
"702",-380,"RLA496830S",1.707,7.1835625,-0.3097,2019-01-07 09:05:00
"703",-381,"RLA496830S",1.707,7.191375,-0.310515,2019-01-07 09:05:00
"704",-381,"RLA496830S",1.707,7.1991875,-0.310515,2019-01-07 09:05:00
"705",-378,"RLA496830S",1.707,7.207,-0.30807,2019-01-07 09:05:00
"706",-377,"RLA496830S",1.707,7.2148125,-0.307255,2019-01-07 09:05:00
"707",-377,"RLA496830S",1.707,7.222625,-0.307255,2019-01-07 09:05:00
"708",-376,"RLA496830S",1.707,7.2304375,-0.30644,2019-01-07 09:05:00
"709",-376,"RLA496830S",1.707,7.23825,-0.30644,2019-01-07 09:05:00
"710",-375,"RLA496830S",1.707,7.2460625,-0.305625,2019-01-07 09:05:00
"711",-394,"RLA496830S",1.707,7.253875,-0.32111,2019-01-07 09:05:00
"712",-564,"RLA496830S",1.707,7.2616875,-0.45966,2019-01-07 09:05:00
"713",-853,"RLA496830S",1.707,7.2695,-0.695195,2019-01-07 09:05:00
"714",-943,"RLA496830S",1.707,7.2773125,-0.768545,2019-01-07 09:05:00
"715",-552,"RLA496830S",1.707,7.285125,-0.44988,2019-01-07 09:05:00
"716",-227,"RLA496830S",1.707,7.2929375,-0.185005,2019-01-07 09:05:00
"717",-324,"RLA496830S",1.707,7.30075,-0.26406,2019-01-07 09:05:00
"718",-431,"RLA496830S",1.707,7.3085625,-0.351265,2019-01-07 09:05:00
"719",-378,"RLA496830S",1.707,7.316375,-0.30807,2019-01-07 09:05:00
"720",-362,"RLA496830S",1.707,7.3241875,-0.29503,2019-01-07 09:05:00
"721",-384,"RLA496830S",1.707,7.332,-0.31296,2019-01-07 09:05:00
"722",-371,"RLA496830S",1.707,7.3398125,-0.302365,2019-01-07 09:05:00
"723",-379,"RLA496830S",1.707,7.347625,-0.308885,2019-01-07 09:05:00
"724",-379,"RLA496830S",1.707,7.3554375,-0.308885,2019-01-07 09:05:00
"725",-371,"RLA496830S",1.707,7.36325,-0.302365,2019-01-07 09:05:00
"726",-393,"RLA496830S",1.707,7.3710625,-0.320295,2019-01-07 09:05:00
"727",-399,"RLA496830S",1.707,7.378875,-0.325185,2019-01-07 09:05:00
"728",-413,"RLA496830S",1.707,7.3866875,-0.336595,2019-01-07 09:05:00
"729",-420,"RLA496830S",1.707,7.3945,-0.3423,2019-01-07 09:05:00
"730",-430,"RLA496830S",1.707,7.4023125,-0.35045,2019-01-07 09:05:00
"731",-452,"RLA496830S",1.707,7.410125,-0.36838,2019-01-07 09:05:00
"732",-461,"RLA496830S",1.707,7.4179375,-0.375715,2019-01-07 09:05:00
"733",-485,"RLA496830S",1.707,7.42575,-0.395275,2019-01-07 09:05:00
"734",-507,"RLA496830S",1.707,7.4335625,-0.413205,2019-01-07 09:05:00
"735",-516,"RLA496830S",1.707,7.441375,-0.42054,2019-01-07 09:05:00
"736",-543,"RLA496830S",1.707,7.4491875,-0.442545,2019-01-07 09:05:00
"737",-520,"RLA496830S",1.707,7.457,-0.4238,2019-01-07 09:05:00
"738",-454,"RLA496830S",1.707,7.4648125,-0.37001,2019-01-07 09:05:00
"739",-400,"RLA496830S",1.707,7.472625,-0.326,2019-01-07 09:05:00
"740",-378,"RLA496830S",1.707,7.4804375,-0.30807,2019-01-07 09:05:00
"741",-377,"RLA496830S",1.707,7.48825,-0.307255,2019-01-07 09:05:00
"742",-374,"RLA496830S",1.707,7.4960625,-0.30481,2019-01-07 09:05:00
"743",-374,"RLA496830S",1.707,7.503875,-0.30481,2019-01-07 09:05:00
"744",-373,"RLA496830S",1.707,7.5116875,-0.303995,2019-01-07 09:05:00
"745",-370,"RLA496830S",1.707,7.5195,-0.30155,2019-01-07 09:05:00
"746",-373,"RLA496830S",1.707,7.5273125,-0.303995,2019-01-07 09:05:00
"747",-377,"RLA496830S",1.707,7.535125,-0.307255,2019-01-07 09:05:00
"748",-379,"RLA496830S",1.707,7.5429375,-0.308885,2019-01-07 09:05:00
"749",-380,"RLA496830S",1.707,7.55075,-0.3097,2019-01-07 09:05:00
"750",-379,"RLA496830S",1.707,7.5585625,-0.308885,2019-01-07 09:05:00
"751",-379,"RLA496830S",1.707,7.566375,-0.308885,2019-01-07 09:05:00
"752",-383,"RLA496830S",1.707,7.5741875,-0.312145,2019-01-07 09:05:00
"753",-382,"RLA496830S",1.707,7.582,-0.31133,2019-01-07 09:05:00
"754",-383,"RLA496830S",1.707,7.5898125,-0.312145,2019-01-07 09:05:00
"755",-385,"RLA496830S",1.707,7.597625,-0.313775,2019-01-07 09:05:00
"756",-387,"RLA496830S",1.707,7.6054375,-0.315405,2019-01-07 09:05:00
"757",-389,"RLA496830S",1.707,7.61325,-0.317035,2019-01-07 09:05:00
"758",-391,"RLA496830S",1.707,7.6210625,-0.318665,2019-01-07 09:05:00
"759",-392,"RLA496830S",1.707,7.628875,-0.31948,2019-01-07 09:05:00
"760",-390,"RLA496830S",1.707,7.6366875,-0.31785,2019-01-07 09:05:00
"761",-389,"RLA496830S",1.707,7.6445,-0.317035,2019-01-07 09:05:00
"762",-390,"RLA496830S",1.707,7.6523125,-0.31785,2019-01-07 09:05:00
"763",-389,"RLA496830S",1.707,7.660125,-0.317035,2019-01-07 09:05:00
"764",-389,"RLA496830S",1.707,7.6679375,-0.317035,2019-01-07 09:05:00
"765",-387,"RLA496830S",1.707,7.67575,-0.315405,2019-01-07 09:05:00
"766",-388,"RLA496830S",1.707,7.6835625,-0.31622,2019-01-07 09:05:00
"767",-391,"RLA496830S",1.707,7.691375,-0.318665,2019-01-07 09:05:00
"768",-390,"RLA496830S",1.707,7.6991875,-0.31785,2019-01-07 09:05:00
"769",-389,"RLA496830S",1.707,7.707,-0.317035,2019-01-07 09:05:00
"770",-388,"RLA496830S",1.707,7.7148125,-0.31622,2019-01-07 09:05:00
"771",-388,"RLA496830S",1.707,7.722625,-0.31622,2019-01-07 09:05:00
"772",-390,"RLA496830S",1.707,7.7304375,-0.31785,2019-01-07 09:05:00
"773",-391,"RLA496830S",1.707,7.73825,-0.318665,2019-01-07 09:05:00
"774",-391,"RLA496830S",1.707,7.7460625,-0.318665,2019-01-07 09:05:00
"775",-394,"RLA496830S",1.707,7.753875,-0.32111,2019-01-07 09:05:00
"776",-393,"RLA496830S",1.707,7.7616875,-0.320295,2019-01-07 09:05:00
"777",-392,"RLA496830S",1.707,7.7695,-0.31948,2019-01-07 09:05:00
"778",-393,"RLA496830S",1.707,7.7773125,-0.320295,2019-01-07 09:05:00
"779",-392,"RLA496830S",1.707,7.785125,-0.31948,2019-01-07 09:05:00
"780",-394,"RLA496830S",1.707,7.7929375,-0.32111,2019-01-07 09:05:00
"781",-396,"RLA496830S",1.707,7.80075,-0.32274,2019-01-07 09:05:00
"782",-395,"RLA496830S",1.707,7.8085625,-0.321925,2019-01-07 09:05:00
"783",-394,"RLA496830S",1.707,7.816375,-0.32111,2019-01-07 09:05:00
"784",-396,"RLA496830S",1.707,7.8241875,-0.32274,2019-01-07 09:05:00
"785",-398,"RLA496830S",1.707,7.832,-0.32437,2019-01-07 09:05:00
"786",-399,"RLA496830S",1.707,7.8398125,-0.325185,2019-01-07 09:05:00
"787",-400,"RLA496830S",1.707,7.847625,-0.326,2019-01-07 09:05:00
"788",-396,"RLA496830S",1.707,7.8554375,-0.32274,2019-01-07 09:05:00
"789",-395,"RLA496830S",1.707,7.86325,-0.321925,2019-01-07 09:05:00
"790",-399,"RLA496830S",1.707,7.8710625,-0.325185,2019-01-07 09:05:00
"791",-398,"RLA496830S",1.707,7.878875,-0.32437,2019-01-07 09:05:00
"792",-397,"RLA496830S",1.707,7.8866875,-0.323555,2019-01-07 09:05:00
"793",-398,"RLA496830S",1.707,7.8945,-0.32437,2019-01-07 09:05:00
"794",-401,"RLA496830S",1.707,7.9023125,-0.326815,2019-01-07 09:05:00
"795",-401,"RLA496830S",1.707,7.910125,-0.326815,2019-01-07 09:05:00
"796",-400,"RLA496830S",1.707,7.9179375,-0.326,2019-01-07 09:05:00
"797",-404,"RLA496830S",1.707,7.92575,-0.32926,2019-01-07 09:05:00
"798",-410,"RLA496830S",1.707,7.9335625,-0.33415,2019-01-07 09:05:00
"799",-415,"RLA496830S",1.707,7.941375,-0.338225,2019-01-07 09:05:00
"800",-419,"RLA496830S",1.707,7.9491875,-0.341485,2019-01-07 09:05:00
"801",-421,"RLA496830S",1.707,7.957,-0.343115,2019-01-07 09:05:00
"802",-429,"RLA496830S",1.707,7.9648125,-0.349635,2019-01-07 09:05:00
"803",-442,"RLA496830S",1.707,7.972625,-0.36023,2019-01-07 09:05:00
"804",-445,"RLA496830S",1.707,7.9804375,-0.362675,2019-01-07 09:05:00
"805",-420,"RLA496830S",1.707,7.98825,-0.3423,2019-01-07 09:05:00
"806",-397,"RLA496830S",1.707,7.9960625,-0.323555,2019-01-07 09:05:00
"807",-398,"RLA496830S",1.707,8.003875,-0.32437,2019-01-07 09:05:00
"808",-397,"RLA496830S",1.707,8.0116875,-0.323555,2019-01-07 09:05:00
"809",-396,"RLA496830S",1.707,8.0195,-0.32274,2019-01-07 09:05:00
"810",-400,"RLA496830S",1.707,8.0273125,-0.326,2019-01-07 09:05:00
"811",-399,"RLA496830S",1.707,8.035125,-0.325185,2019-01-07 09:05:00
"812",-395,"RLA496830S",1.707,8.0429375,-0.321925,2019-01-07 09:05:00
"813",-394,"RLA496830S",1.707,8.05075,-0.32111,2019-01-07 09:05:00
"814",-397,"RLA496830S",1.707,8.0585625,-0.323555,2019-01-07 09:05:00
"815",-399,"RLA496830S",1.707,8.066375,-0.325185,2019-01-07 09:05:00
"816",-401,"RLA496830S",1.707,8.0741875,-0.326815,2019-01-07 09:05:00
"817",-399,"RLA496830S",1.707,8.082,-0.325185,2019-01-07 09:05:00
"818",-399,"RLA496830S",1.707,8.0898125,-0.325185,2019-01-07 09:05:00
"819",-402,"RLA496830S",1.707,8.097625,-0.32763,2019-01-07 09:05:00
"820",-402,"RLA496830S",1.707,8.1054375,-0.32763,2019-01-07 09:05:00
"821",-402,"RLA496830S",1.707,8.11325,-0.32763,2019-01-07 09:05:00
"822",-404,"RLA496830S",1.707,8.1210625,-0.32926,2019-01-07 09:05:00
"823",-403,"RLA496830S",1.707,8.128875,-0.328445,2019-01-07 09:05:00
"824",-403,"RLA496830S",1.707,8.1366875,-0.328445,2019-01-07 09:05:00
"825",-406,"RLA496830S",1.707,8.1445,-0.33089,2019-01-07 09:05:00
"826",-408,"RLA496830S",1.707,8.1523125,-0.33252,2019-01-07 09:05:00
"827",-410,"RLA496830S",1.707,8.160125,-0.33415,2019-01-07 09:05:00
"828",-409,"RLA496830S",1.707,8.1679375,-0.333335,2019-01-07 09:05:00
"829",-408,"RLA496830S",1.707,8.17575,-0.33252,2019-01-07 09:05:00
"830",-407,"RLA496830S",1.707,8.1835625,-0.331705,2019-01-07 09:05:00
"831",-406,"RLA496830S",1.707,8.191375,-0.33089,2019-01-07 09:05:00
"832",-407,"RLA496830S",1.707,8.1991875,-0.331705,2019-01-07 09:05:00
"833",-408,"RLA496830S",1.707,8.207,-0.33252,2019-01-07 09:05:00
"834",-408,"RLA496830S",1.707,8.2148125,-0.33252,2019-01-07 09:05:00
"835",-409,"RLA496830S",1.707,8.222625,-0.333335,2019-01-07 09:05:00
"836",-408,"RLA496830S",1.707,8.2304375,-0.33252,2019-01-07 09:05:00
"837",-408,"RLA496830S",1.707,8.23825,-0.33252,2019-01-07 09:05:00
"838",-409,"RLA496830S",1.707,8.2460625,-0.333335,2019-01-07 09:05:00
"839",-411,"RLA496830S",1.707,8.253875,-0.334965,2019-01-07 09:05:00
"840",-412,"RLA496830S",1.707,8.2616875,-0.33578,2019-01-07 09:05:00
"841",-409,"RLA496830S",1.707,8.2695,-0.333335,2019-01-07 09:05:00
"842",-410,"RLA496830S",1.707,8.2773125,-0.33415,2019-01-07 09:05:00
"843",-411,"RLA496830S",1.707,8.285125,-0.334965,2019-01-07 09:05:00
"844",-409,"RLA496830S",1.707,8.2929375,-0.333335,2019-01-07 09:05:00
"845",-408,"RLA496830S",1.707,8.30075,-0.33252,2019-01-07 09:05:00
"846",-410,"RLA496830S",1.707,8.3085625,-0.33415,2019-01-07 09:05:00
"847",-409,"RLA496830S",1.707,8.316375,-0.333335,2019-01-07 09:05:00
"848",-410,"RLA496830S",1.707,8.3241875,-0.33415,2019-01-07 09:05:00
"849",-411,"RLA496830S",1.707,8.332,-0.334965,2019-01-07 09:05:00
"850",-409,"RLA496830S",1.707,8.3398125,-0.333335,2019-01-07 09:05:00
"851",-409,"RLA496830S",1.707,8.347625,-0.333335,2019-01-07 09:05:00
"852",-411,"RLA496830S",1.707,8.3554375,-0.334965,2019-01-07 09:05:00
"853",-411,"RLA496830S",1.707,8.36325,-0.334965,2019-01-07 09:05:00
"854",-409,"RLA496830S",1.707,8.3710625,-0.333335,2019-01-07 09:05:00
"855",-412,"RLA496830S",1.707,8.378875,-0.33578,2019-01-07 09:05:00
"856",-415,"RLA496830S",1.707,8.3866875,-0.338225,2019-01-07 09:05:00
"857",-411,"RLA496830S",1.707,8.3945,-0.334965,2019-01-07 09:05:00
"858",-409,"RLA496830S",1.707,8.4023125,-0.333335,2019-01-07 09:05:00
"859",-411,"RLA496830S",1.707,8.410125,-0.334965,2019-01-07 09:05:00
"860",-413,"RLA496830S",1.707,8.4179375,-0.336595,2019-01-07 09:05:00
"861",-413,"RLA496830S",1.707,8.42575,-0.336595,2019-01-07 09:05:00
"862",-412,"RLA496830S",1.707,8.4335625,-0.33578,2019-01-07 09:05:00
"863",-412,"RLA496830S",1.707,8.441375,-0.33578,2019-01-07 09:05:00
"864",-411,"RLA496830S",1.707,8.4491875,-0.334965,2019-01-07 09:05:00
"865",-413,"RLA496830S",1.707,8.457,-0.336595,2019-01-07 09:05:00
"866",-416,"RLA496830S",1.707,8.4648125,-0.33904,2019-01-07 09:05:00
"867",-413,"RLA496830S",1.707,8.472625,-0.336595,2019-01-07 09:05:00
"868",-411,"RLA496830S",1.707,8.4804375,-0.334965,2019-01-07 09:05:00
"869",-411,"RLA496830S",1.707,8.48825,-0.334965,2019-01-07 09:05:00
"870",-412,"RLA496830S",1.707,8.4960625,-0.33578,2019-01-07 09:05:00
"871",-416,"RLA496830S",1.707,8.503875,-0.33904,2019-01-07 09:05:00
"872",-415,"RLA496830S",1.707,8.5116875,-0.338225,2019-01-07 09:05:00
"873",-412,"RLA496830S",1.707,8.5195,-0.33578,2019-01-07 09:05:00
"874",-411,"RLA496830S",1.707,8.5273125,-0.334965,2019-01-07 09:05:00
"875",-412,"RLA496830S",1.707,8.535125,-0.33578,2019-01-07 09:05:00
"876",-413,"RLA496830S",1.707,8.5429375,-0.336595,2019-01-07 09:05:00
"877",-413,"RLA496830S",1.707,8.55075,-0.336595,2019-01-07 09:05:00
"878",-412,"RLA496830S",1.707,8.5585625,-0.33578,2019-01-07 09:05:00
"879",-412,"RLA496830S",1.707,8.566375,-0.33578,2019-01-07 09:05:00
"880",-412,"RLA496830S",1.707,8.5741875,-0.33578,2019-01-07 09:05:00
"881",-413,"RLA496830S",1.707,8.582,-0.336595,2019-01-07 09:05:00
"882",-414,"RLA496830S",1.707,8.5898125,-0.33741,2019-01-07 09:05:00
"883",-416,"RLA496830S",1.707,8.597625,-0.33904,2019-01-07 09:05:00
"884",-419,"RLA496830S",1.707,8.6054375,-0.341485,2019-01-07 09:05:00
"885",-417,"RLA496830S",1.707,8.61325,-0.339855,2019-01-07 09:05:00
"886",-414,"RLA496830S",1.707,8.6210625,-0.33741,2019-01-07 09:05:00
"887",-415,"RLA496830S",1.707,8.628875,-0.338225,2019-01-07 09:05:00
"888",-417,"RLA496830S",1.707,8.6366875,-0.339855,2019-01-07 09:05:00
"889",-415,"RLA496830S",1.707,8.6445,-0.338225,2019-01-07 09:05:00
"890",-414,"RLA496830S",1.707,8.6523125,-0.33741,2019-01-07 09:05:00
"891",-414,"RLA496830S",1.707,8.660125,-0.33741,2019-01-07 09:05:00
"892",-414,"RLA496830S",1.707,8.6679375,-0.33741,2019-01-07 09:05:00
"893",-413,"RLA496830S",1.707,8.67575,-0.336595,2019-01-07 09:05:00
"894",-414,"RLA496830S",1.707,8.6835625,-0.33741,2019-01-07 09:05:00
"895",-415,"RLA496830S",1.707,8.691375,-0.338225,2019-01-07 09:05:00
"896",-416,"RLA496830S",1.707,8.6991875,-0.33904,2019-01-07 09:05:00
"897",-418,"RLA496830S",1.707,8.707,-0.34067,2019-01-07 09:05:00
"898",-421,"RLA496830S",1.707,8.7148125,-0.343115,2019-01-07 09:05:00
"899",-425,"RLA496830S",1.707,8.722625,-0.346375,2019-01-07 09:05:00
"900",-424,"RLA496830S",1.707,8.7304375,-0.34556,2019-01-07 09:05:00
"901",-418,"RLA496830S",1.707,8.73825,-0.34067,2019-01-07 09:05:00
"902",-428,"RLA496830S",1.707,8.7460625,-0.34882,2019-01-07 09:05:00
"903",-444,"RLA496830S",1.707,8.753875,-0.36186,2019-01-07 09:05:00
"904",-428,"RLA496830S",1.707,8.7616875,-0.34882,2019-01-07 09:05:00
"905",-413,"RLA496830S",1.707,8.7695,-0.336595,2019-01-07 09:05:00
"906",-407,"RLA496830S",1.707,8.7773125,-0.331705,2019-01-07 09:05:00
"907",-404,"RLA496830S",1.707,8.785125,-0.32926,2019-01-07 09:05:00
"908",-402,"RLA496830S",1.707,8.7929375,-0.32763,2019-01-07 09:05:00
"909",-400,"RLA496830S",1.707,8.80075,-0.326,2019-01-07 09:05:00
"910",-402,"RLA496830S",1.707,8.8085625,-0.32763,2019-01-07 09:05:00
"911",-404,"RLA496830S",1.707,8.816375,-0.32926,2019-01-07 09:05:00
"912",-403,"RLA496830S",1.707,8.8241875,-0.328445,2019-01-07 09:05:00
"913",-402,"RLA496830S",1.707,8.832,-0.32763,2019-01-07 09:05:00
"914",-402,"RLA496830S",1.707,8.8398125,-0.32763,2019-01-07 09:05:00
"915",-399,"RLA496830S",1.707,8.847625,-0.325185,2019-01-07 09:05:00
"916",-400,"RLA496830S",1.707,8.8554375,-0.326,2019-01-07 09:05:00
"917",-465,"RLA496830S",1.707,8.86325,-0.378975,2019-01-07 09:05:00
"918",-702,"RLA496830S",1.707,8.8710625,-0.57213,2019-01-07 09:05:00
"919",-1059,"RLA496830S",1.707,8.878875,-0.863085,2019-01-07 09:05:00
"920",-1058,"RLA496830S",1.707,8.8866875,-0.86227,2019-01-07 09:05:00
"921",-476,"RLA496830S",1.707,8.8945,-0.38794,2019-01-07 09:05:00
"922",-211,"RLA496830S",1.707,8.9023125,-0.171965,2019-01-07 09:05:00
"923",-387,"RLA496830S",1.707,8.910125,-0.315405,2019-01-07 09:05:00
"924",-412,"RLA496830S",1.707,8.9179375,-0.33578,2019-01-07 09:05:00
"925",-352,"RLA496830S",1.707,8.92575,-0.28688,2019-01-07 09:05:00
"926",-385,"RLA496830S",1.707,8.9335625,-0.313775,2019-01-07 09:05:00
"927",-397,"RLA496830S",1.707,8.941375,-0.323555,2019-01-07 09:05:00
"928",-379,"RLA496830S",1.707,8.9491875,-0.308885,2019-01-07 09:05:00
"929",-402,"RLA496830S",1.707,8.957,-0.32763,2019-01-07 09:05:00
"930",-404,"RLA496830S",1.707,8.9648125,-0.32926,2019-01-07 09:05:00
"931",-418,"RLA496830S",1.707,8.972625,-0.34067,2019-01-07 09:05:00
"932",-417,"RLA496830S",1.707,8.9804375,-0.339855,2019-01-07 09:05:00
"933",-401,"RLA496830S",1.707,8.98825,-0.326815,2019-01-07 09:05:00
"934",-430,"RLA496830S",1.707,8.9960625,-0.35045,2019-01-07 09:05:00
"935",-442,"RLA496830S",1.707,9.003875,-0.36023,2019-01-07 09:05:00
"936",-455,"RLA496830S",1.707,9.0116875,-0.370825,2019-01-07 09:05:00
"937",-469,"RLA496830S",1.707,9.0195,-0.382235,2019-01-07 09:05:00
"938",-484,"RLA496830S",1.707,9.0273125,-0.39446,2019-01-07 09:05:00
"939",-514,"RLA496830S",1.707,9.035125,-0.41891,2019-01-07 09:05:00
"940",-531,"RLA496830S",1.707,9.0429375,-0.432765,2019-01-07 09:05:00
"941",-548,"RLA496830S",1.707,9.05075,-0.44662,2019-01-07 09:05:00
"942",-573,"RLA496830S",1.707,9.0585625,-0.466995,2019-01-07 09:05:00
"943",-589,"RLA496830S",1.707,9.066375,-0.480035,2019-01-07 09:05:00
"944",-573,"RLA496830S",1.707,9.0741875,-0.466995,2019-01-07 09:05:00
"945",-494,"RLA496830S",1.707,9.082,-0.40261,2019-01-07 09:05:00
"946",-417,"RLA496830S",1.707,9.0898125,-0.339855,2019-01-07 09:05:00
"947",-388,"RLA496830S",1.707,9.097625,-0.31622,2019-01-07 09:05:00
"948",-377,"RLA496830S",1.707,9.1054375,-0.307255,2019-01-07 09:05:00
"949",-374,"RLA496830S",1.707,9.11325,-0.30481,2019-01-07 09:05:00
"950",-373,"RLA496830S",1.707,9.1210625,-0.303995,2019-01-07 09:05:00
"951",-373,"RLA496830S",1.707,9.128875,-0.303995,2019-01-07 09:05:00
"952",-372,"RLA496830S",1.707,9.1366875,-0.30318,2019-01-07 09:05:00
"953",-370,"RLA496830S",1.707,9.1445,-0.30155,2019-01-07 09:05:00
"954",-374,"RLA496830S",1.707,9.1523125,-0.30481,2019-01-07 09:05:00
"955",-377,"RLA496830S",1.707,9.160125,-0.307255,2019-01-07 09:05:00
"956",-375,"RLA496830S",1.707,9.1679375,-0.305625,2019-01-07 09:05:00
"957",-377,"RLA496830S",1.707,9.17575,-0.307255,2019-01-07 09:05:00
"958",-376,"RLA496830S",1.707,9.1835625,-0.30644,2019-01-07 09:05:00
"959",-378,"RLA496830S",1.707,9.191375,-0.30807,2019-01-07 09:05:00
"960",-383,"RLA496830S",1.707,9.1991875,-0.312145,2019-01-07 09:05:00
"961",-383,"RLA496830S",1.707,9.207,-0.312145,2019-01-07 09:05:00
"962",-386,"RLA496830S",1.707,9.2148125,-0.31459,2019-01-07 09:05:00
"963",-387,"RLA496830S",1.707,9.222625,-0.315405,2019-01-07 09:05:00
"964",-385,"RLA496830S",1.707,9.2304375,-0.313775,2019-01-07 09:05:00
"965",-383,"RLA496830S",1.707,9.23825,-0.312145,2019-01-07 09:05:00
"966",-382,"RLA496830S",1.707,9.2460625,-0.31133,2019-01-07 09:05:00
"967",-384,"RLA496830S",1.707,9.253875,-0.31296,2019-01-07 09:05:00
"968",-382,"RLA496830S",1.707,9.2616875,-0.31133,2019-01-07 09:05:00
"969",-383,"RLA496830S",1.707,9.2695,-0.312145,2019-01-07 09:05:00
"970",-387,"RLA496830S",1.707,9.2773125,-0.315405,2019-01-07 09:05:00
"971",-384,"RLA496830S",1.707,9.285125,-0.31296,2019-01-07 09:05:00
"972",-382,"RLA496830S",1.707,9.2929375,-0.31133,2019-01-07 09:05:00
"973",-383,"RLA496830S",1.707,9.30075,-0.312145,2019-01-07 09:05:00
"974",-382,"RLA496830S",1.707,9.3085625,-0.31133,2019-01-07 09:05:00
"975",-379,"RLA496830S",1.707,9.316375,-0.308885,2019-01-07 09:05:00
"976",-379,"RLA496830S",1.707,9.3241875,-0.308885,2019-01-07 09:05:00
"977",-383,"RLA496830S",1.707,9.332,-0.312145,2019-01-07 09:05:00
"978",-384,"RLA496830S",1.707,9.3398125,-0.31296,2019-01-07 09:05:00
"979",-382,"RLA496830S",1.707,9.347625,-0.31133,2019-01-07 09:05:00
"980",-383,"RLA496830S",1.707,9.3554375,-0.312145,2019-01-07 09:05:00
"981",-385,"RLA496830S",1.707,9.36325,-0.313775,2019-01-07 09:05:00
"982",-383,"RLA496830S",1.707,9.3710625,-0.312145,2019-01-07 09:05:00
"983",-383,"RLA496830S",1.707,9.378875,-0.312145,2019-01-07 09:05:00
"984",-386,"RLA496830S",1.707,9.3866875,-0.31459,2019-01-07 09:05:00
"985",-386,"RLA496830S",1.707,9.3945,-0.31459,2019-01-07 09:05:00
"986",-386,"RLA496830S",1.707,9.4023125,-0.31459,2019-01-07 09:05:00
"987",-388,"RLA496830S",1.707,9.410125,-0.31622,2019-01-07 09:05:00
"988",-389,"RLA496830S",1.707,9.4179375,-0.317035,2019-01-07 09:05:00
"989",-390,"RLA496830S",1.707,9.42575,-0.31785,2019-01-07 09:05:00
"990",-394,"RLA496830S",1.707,9.4335625,-0.32111,2019-01-07 09:05:00
"991",-398,"RLA496830S",1.707,9.441375,-0.32437,2019-01-07 09:05:00
"992",-399,"RLA496830S",1.707,9.4491875,-0.325185,2019-01-07 09:05:00
"993",-398,"RLA496830S",1.707,9.457,-0.32437,2019-01-07 09:05:00
"994",-412,"RLA496830S",1.707,9.4648125,-0.33578,2019-01-07 09:05:00
"995",-425,"RLA496830S",1.707,9.472625,-0.346375,2019-01-07 09:05:00
"996",-410,"RLA496830S",1.707,9.4804375,-0.33415,2019-01-07 09:05:00
"997",-387,"RLA496830S",1.707,9.48825,-0.315405,2019-01-07 09:05:00
"998",-380,"RLA496830S",1.707,9.4960625,-0.3097,2019-01-07 09:05:00
"999",-383,"RLA496830S",1.707,9.503875,-0.312145,2019-01-07 09:05:00
"1000",-382,"RLA496830S",1.707,9.5116875,-0.31133,2019-01-07 09:05:00
"1001",-382,"RLA496830S",1.707,9.5195,-0.31133,2019-01-07 09:05:00
"1002",-384,"RLA496830S",1.707,9.5273125,-0.31296,2019-01-07 09:05:00
"1003",-382,"RLA496830S",1.707,9.535125,-0.31133,2019-01-07 09:05:00
"1004",-380,"RLA496830S",1.707,9.5429375,-0.3097,2019-01-07 09:05:00
"1005",-382,"RLA496830S",1.707,9.55075,-0.31133,2019-01-07 09:05:00
"1006",-384,"RLA496830S",1.707,9.5585625,-0.31296,2019-01-07 09:05:00
"1007",-383,"RLA496830S",1.707,9.566375,-0.312145,2019-01-07 09:05:00
"1008",-385,"RLA496830S",1.707,9.5741875,-0.313775,2019-01-07 09:05:00
"1009",-391,"RLA496830S",1.707,9.582,-0.318665,2019-01-07 09:05:00
"1010",-389,"RLA496830S",1.707,9.5898125,-0.317035,2019-01-07 09:05:00
"1011",-388,"RLA496830S",1.707,9.597625,-0.31622,2019-01-07 09:05:00
"1012",-394,"RLA496830S",1.707,9.6054375,-0.32111,2019-01-07 09:05:00
"1013",-396,"RLA496830S",1.707,9.61325,-0.32274,2019-01-07 09:05:00
"1014",-396,"RLA496830S",1.707,9.6210625,-0.32274,2019-01-07 09:05:00
"1015",-398,"RLA496830S",1.707,9.628875,-0.32437,2019-01-07 09:05:00
"1016",-400,"RLA496830S",1.707,9.6366875,-0.326,2019-01-07 09:05:00
"1017",-401,"RLA496830S",1.707,9.6445,-0.326815,2019-01-07 09:05:00
"1018",-399,"RLA496830S",1.707,9.6523125,-0.325185,2019-01-07 09:05:00
"1019",-398,"RLA496830S",1.707,9.660125,-0.32437,2019-01-07 09:05:00
"1020",-401,"RLA496830S",1.707,9.6679375,-0.326815,2019-01-07 09:05:00
"1021",-403,"RLA496830S",1.707,9.67575,-0.328445,2019-01-07 09:05:00
"1022",-402,"RLA496830S",1.707,9.6835625,-0.32763,2019-01-07 09:05:00
"1023",-402,"RLA496830S",1.707,9.691375,-0.32763,2019-01-07 09:05:00
"1024",-402,"RLA496830S",1.707,9.6991875,-0.32763,2019-01-07 09:05:00
"1025",-405,"RLA496830S",1.707,9.707,-0.330075,2019-01-07 09:05:00
"1026",-407,"RLA496830S",1.707,9.7148125,-0.331705,2019-01-07 09:05:00
"1027",-405,"RLA496830S",1.707,9.722625,-0.330075,2019-01-07 09:05:00
"1028",-406,"RLA496830S",1.707,9.7304375,-0.33089,2019-01-07 09:05:00
"1029",-408,"RLA496830S",1.707,9.73825,-0.33252,2019-01-07 09:05:00
"1030",-404,"RLA496830S",1.707,9.7460625,-0.32926,2019-01-07 09:05:00
"1031",-402,"RLA496830S",1.707,9.753875,-0.32763,2019-01-07 09:05:00
"1032",-408,"RLA496830S",1.707,9.7616875,-0.33252,2019-01-07 09:05:00
"1033",-407,"RLA496830S",1.707,9.7695,-0.331705,2019-01-07 09:05:00
"1034",-405,"RLA496830S",1.707,9.7773125,-0.330075,2019-01-07 09:05:00
"1035",-406,"RLA496830S",1.707,9.785125,-0.33089,2019-01-07 09:05:00
"1036",-407,"RLA496830S",1.707,9.7929375,-0.331705,2019-01-07 09:05:00
"1037",-411,"RLA496830S",1.707,9.80075,-0.334965,2019-01-07 09:05:00
"1038",-412,"RLA496830S",1.707,9.8085625,-0.33578,2019-01-07 09:05:00
"1039",-411,"RLA496830S",1.707,9.816375,-0.334965,2019-01-07 09:05:00
"1040",-405,"RLA496830S",1.707,9.8241875,-0.330075,2019-01-07 09:05:00
"1041",-408,"RLA496830S",1.707,9.832,-0.33252,2019-01-07 09:05:00
"1042",-412,"RLA496830S",1.707,9.8398125,-0.33578,2019-01-07 09:05:00
"1043",-411,"RLA496830S",1.707,9.847625,-0.334965,2019-01-07 09:05:00
"1044",-410,"RLA496830S",1.707,9.8554375,-0.33415,2019-01-07 09:05:00
"1045",-413,"RLA496830S",1.707,9.86325,-0.336595,2019-01-07 09:05:00
"1046",-414,"RLA496830S",1.707,9.8710625,-0.33741,2019-01-07 09:05:00
"1047",-412,"RLA496830S",1.707,9.878875,-0.33578,2019-01-07 09:05:00
"1048",-411,"RLA496830S",1.707,9.8866875,-0.334965,2019-01-07 09:05:00
"1049",-414,"RLA496830S",1.707,9.8945,-0.33741,2019-01-07 09:05:00
"1050",-413,"RLA496830S",1.707,9.9023125,-0.336595,2019-01-07 09:05:00
"1051",-411,"RLA496830S",1.707,9.910125,-0.334965,2019-01-07 09:05:00
"1052",-411,"RLA496830S",1.707,9.9179375,-0.334965,2019-01-07 09:05:00
"1053",-412,"RLA496830S",1.707,9.92575,-0.33578,2019-01-07 09:05:00
"1054",-413,"RLA496830S",1.707,9.9335625,-0.336595,2019-01-07 09:05:00
"1055",-413,"RLA496830S",1.707,9.941375,-0.336595,2019-01-07 09:05:00
"1056",-415,"RLA496830S",1.707,9.9491875,-0.338225,2019-01-07 09:05:00
"1057",-414,"RLA496830S",1.707,9.957,-0.33741,2019-01-07 09:05:00
"1058",-415,"RLA496830S",1.707,9.9648125,-0.338225,2019-01-07 09:05:00
"1059",-416,"RLA496830S",1.707,9.972625,-0.33904,2019-01-07 09:05:00
"1060",-415,"RLA496830S",1.707,9.9804375,-0.338225,2019-01-07 09:05:00
"1061",-414,"RLA496830S",1.707,9.98825,-0.33741,2019-01-07 09:05:00
"1062",-413,"RLA496830S",1.707,9.9960625,-0.336595,2019-01-07 09:05:00
"1063",-414,"RLA496830S",1.707,10.003875,-0.33741,2019-01-07 09:05:00
"1064",-417,"RLA496830S",1.707,10.0116875,-0.339855,2019-01-07 09:05:00
"1065",-415,"RLA496830S",1.707,10.0195,-0.338225,2019-01-07 09:05:00
"1066",-414,"RLA496830S",1.707,10.0273125,-0.33741,2019-01-07 09:05:00
"1067",-415,"RLA496830S",1.707,10.035125,-0.338225,2019-01-07 09:05:00
"1068",-418,"RLA496830S",1.707,10.0429375,-0.34067,2019-01-07 09:05:00
"1069",-417,"RLA496830S",1.707,10.05075,-0.339855,2019-01-07 09:05:00
"1070",-416,"RLA496830S",1.707,10.0585625,-0.33904,2019-01-07 09:05:00
"1071",-420,"RLA496830S",1.707,10.066375,-0.3423,2019-01-07 09:05:00
"1072",-420,"RLA496830S",1.707,10.0741875,-0.3423,2019-01-07 09:05:00
"1073",-415,"RLA496830S",1.707,10.082,-0.338225,2019-01-07 09:05:00
"1074",-414,"RLA496830S",1.707,10.0898125,-0.33741,2019-01-07 09:05:00
"1075",-417,"RLA496830S",1.707,10.097625,-0.339855,2019-01-07 09:05:00
"1076",-420,"RLA496830S",1.707,10.1054375,-0.3423,2019-01-07 09:05:00
"1077",-420,"RLA496830S",1.707,10.11325,-0.3423,2019-01-07 09:05:00
"1078",-418,"RLA496830S",1.707,10.1210625,-0.34067,2019-01-07 09:05:00
"1079",-418,"RLA496830S",1.707,10.128875,-0.34067,2019-01-07 09:05:00
"1080",-415,"RLA496830S",1.707,10.1366875,-0.338225,2019-01-07 09:05:00
"1081",-415,"RLA496830S",1.707,10.1445,-0.338225,2019-01-07 09:05:00
"1082",-419,"RLA496830S",1.707,10.1523125,-0.341485,2019-01-07 09:05:00
"1083",-418,"RLA496830S",1.707,10.160125,-0.34067,2019-01-07 09:05:00
"1084",-416,"RLA496830S",1.707,10.1679375,-0.33904,2019-01-07 09:05:00
"1085",-416,"RLA496830S",1.707,10.17575,-0.33904,2019-01-07 09:05:00
"1086",-415,"RLA496830S",1.707,10.1835625,-0.338225,2019-01-07 09:05:00
"1087",-415,"RLA496830S",1.707,10.191375,-0.338225,2019-01-07 09:05:00
"1088",-412,"RLA496830S",1.707,10.1991875,-0.33578,2019-01-07 09:05:00
"1089",-412,"RLA496830S",1.707,10.207,-0.33578,2019-01-07 09:05:00
"1090",-418,"RLA496830S",1.707,10.2148125,-0.34067,2019-01-07 09:05:00
"1091",-421,"RLA496830S",1.707,10.222625,-0.343115,2019-01-07 09:05:00
"1092",-420,"RLA496830S",1.707,10.2304375,-0.3423,2019-01-07 09:05:00
"1093",-423,"RLA496830S",1.707,10.23825,-0.344745,2019-01-07 09:05:00
"1094",-425,"RLA496830S",1.707,10.2460625,-0.346375,2019-01-07 09:05:00
"1095",-425,"RLA496830S",1.707,10.253875,-0.346375,2019-01-07 09:05:00
"1096",-441,"RLA496830S",1.707,10.2616875,-0.359415,2019-01-07 09:05:00
"1097",-448,"RLA496830S",1.707,10.2695,-0.36512,2019-01-07 09:05:00
"1098",-428,"RLA496830S",1.707,10.2773125,-0.34882,2019-01-07 09:05:00
"1099",-406,"RLA496830S",1.707,10.285125,-0.33089,2019-01-07 09:05:00
"1100",-403,"RLA496830S",1.707,10.2929375,-0.328445,2019-01-07 09:05:00
"1101",-403,"RLA496830S",1.707,10.30075,-0.328445,2019-01-07 09:05:00
"1102",-401,"RLA496830S",1.707,10.3085625,-0.326815,2019-01-07 09:05:00
"1103",-399,"RLA496830S",1.707,10.316375,-0.325185,2019-01-07 09:05:00
"1104",-396,"RLA496830S",1.707,10.3241875,-0.32274,2019-01-07 09:05:00
"1105",-399,"RLA496830S",1.707,10.332,-0.325185,2019-01-07 09:05:00
"1106",-401,"RLA496830S",1.707,10.3398125,-0.326815,2019-01-07 09:05:00
"1107",-402,"RLA496830S",1.707,10.347625,-0.32763,2019-01-07 09:05:00
"1108",-401,"RLA496830S",1.707,10.3554375,-0.326815,2019-01-07 09:05:00
"1109",-399,"RLA496830S",1.707,10.36325,-0.325185,2019-01-07 09:05:00
"1110",-408,"RLA496830S",1.707,10.3710625,-0.33252,2019-01-07 09:05:00
"1111",-474,"RLA496830S",1.707,10.378875,-0.38631,2019-01-07 09:05:00
"1112",-787,"RLA496830S",1.707,10.3866875,-0.641405,2019-01-07 09:05:00
"1113",-1032,"RLA496830S",1.707,10.3945,-0.84108,2019-01-07 09:05:00
"1114",-783,"RLA496830S",1.707,10.4023125,-0.638145,2019-01-07 09:05:00
"1115",-300,"RLA496830S",1.707,10.410125,-0.2445,2019-01-07 09:05:00
"1116",-250,"RLA496830S",1.707,10.4179375,-0.20375,2019-01-07 09:05:00
"1117",-421,"RLA496830S",1.707,10.42575,-0.343115,2019-01-07 09:05:00
"1118",-403,"RLA496830S",1.707,10.4335625,-0.328445,2019-01-07 09:05:00
"1119",-344,"RLA496830S",1.707,10.441375,-0.28036,2019-01-07 09:05:00
"1120",-397,"RLA496830S",1.707,10.4491875,-0.323555,2019-01-07 09:05:00
"1121",-395,"RLA496830S",1.707,10.457,-0.321925,2019-01-07 09:05:00
"1122",-383,"RLA496830S",1.707,10.4648125,-0.312145,2019-01-07 09:05:00
"1123",-406,"RLA496830S",1.707,10.472625,-0.33089,2019-01-07 09:05:00
"1124",-412,"RLA496830S",1.707,10.4804375,-0.33578,2019-01-07 09:05:00
"1125",-424,"RLA496830S",1.707,10.48825,-0.34556,2019-01-07 09:05:00
"1126",-427,"RLA496830S",1.707,10.4960625,-0.348005,2019-01-07 09:05:00
"1127",-436,"RLA496830S",1.707,10.503875,-0.35534,2019-01-07 09:05:00
"1128",-464,"RLA496830S",1.707,10.5116875,-0.37816,2019-01-07 09:05:00
"1129",-447,"RLA496830S",1.707,10.5195,-0.364305,2019-01-07 09:05:00
"1130",-456,"RLA496830S",1.707,10.5273125,-0.37164,2019-01-07 09:05:00
"1131",-479,"RLA496830S",1.707,10.535125,-0.390385,2019-01-07 09:05:00
"1132",-497,"RLA496830S",1.707,10.5429375,-0.405055,2019-01-07 09:05:00
"1133",-521,"RLA496830S",1.707,10.55075,-0.424615,2019-01-07 09:05:00
"1134",-537,"RLA496830S",1.707,10.5585625,-0.437655,2019-01-07 09:05:00
"1135",-553,"RLA496830S",1.707,10.566375,-0.450695,2019-01-07 09:05:00
"1136",-576,"RLA496830S",1.707,10.5741875,-0.46944,2019-01-07 09:05:00
"1137",-588,"RLA496830S",1.707,10.582,-0.47922,2019-01-07 09:05:00
"1138",-571,"RLA496830S",1.707,10.5898125,-0.465365,2019-01-07 09:05:00
"1139",-489,"RLA496830S",1.707,10.597625,-0.398535,2019-01-07 09:05:00
"1140",-412,"RLA496830S",1.707,10.6054375,-0.33578,2019-01-07 09:05:00
"1141",-384,"RLA496830S",1.707,10.61325,-0.31296,2019-01-07 09:05:00
"1142",-376,"RLA496830S",1.707,10.6210625,-0.30644,2019-01-07 09:05:00
"1143",-378,"RLA496830S",1.707,10.628875,-0.30807,2019-01-07 09:05:00
"1144",-375,"RLA496830S",1.707,10.6366875,-0.305625,2019-01-07 09:05:00
"1145",-374,"RLA496830S",1.707,10.6445,-0.30481,2019-01-07 09:05:00
"1146",-375,"RLA496830S",1.707,10.6523125,-0.305625,2019-01-07 09:05:00
"1147",-374,"RLA496830S",1.707,10.660125,-0.30481,2019-01-07 09:05:00
"1148",-372,"RLA496830S",1.707,10.6679375,-0.30318,2019-01-07 09:05:00
"1149",-375,"RLA496830S",1.707,10.67575,-0.305625,2019-01-07 09:05:00
"1150",-381,"RLA496830S",1.707,10.6835625,-0.310515,2019-01-07 09:05:00
"1151",-384,"RLA496830S",1.707,10.691375,-0.31296,2019-01-07 09:05:00
"1152",-379,"RLA496830S",1.707,10.6991875,-0.308885,2019-01-07 09:05:00
"1153",-382,"RLA496830S",1.707,10.707,-0.31133,2019-01-07 09:05:00
"1154",-385,"RLA496830S",1.707,10.7148125,-0.313775,2019-01-07 09:05:00
"1155",-386,"RLA496830S",1.707,10.722625,-0.31459,2019-01-07 09:05:00
"1156",-388,"RLA496830S",1.707,10.7304375,-0.31622,2019-01-07 09:05:00
"1157",-386,"RLA496830S",1.707,10.73825,-0.31459,2019-01-07 09:05:00
"1158",-386,"RLA496830S",1.707,10.7460625,-0.31459,2019-01-07 09:05:00
"1159",-393,"RLA496830S",1.707,10.753875,-0.320295,2019-01-07 09:05:00
"1160",-392,"RLA496830S",1.707,10.7616875,-0.31948,2019-01-07 09:05:00
"1161",-387,"RLA496830S",1.707,10.7695,-0.315405,2019-01-07 09:05:00
"1162",-388,"RLA496830S",1.707,10.7773125,-0.31622,2019-01-07 09:05:00
"1163",-388,"RLA496830S",1.707,10.785125,-0.31622,2019-01-07 09:05:00
"1164",-388,"RLA496830S",1.707,10.7929375,-0.31622,2019-01-07 09:05:00
"1165",-388,"RLA496830S",1.707,10.80075,-0.31622,2019-01-07 09:05:00
"1166",-387,"RLA496830S",1.707,10.8085625,-0.315405,2019-01-07 09:05:00
"1167",-388,"RLA496830S",1.707,10.816375,-0.31622,2019-01-07 09:05:00
"1168",-390,"RLA496830S",1.707,10.8241875,-0.31785,2019-01-07 09:05:00
"1169",-388,"RLA496830S",1.707,10.832,-0.31622,2019-01-07 09:05:00
"1170",-388,"RLA496830S",1.707,10.8398125,-0.31622,2019-01-07 09:05:00
"1171",-390,"RLA496830S",1.707,10.847625,-0.31785,2019-01-07 09:05:00
"1172",-386,"RLA496830S",1.707,10.8554375,-0.31459,2019-01-07 09:05:00
"1173",-386,"RLA496830S",1.707,10.86325,-0.31459,2019-01-07 09:05:00
"1174",-389,"RLA496830S",1.707,10.8710625,-0.317035,2019-01-07 09:05:00
"1175",-390,"RLA496830S",1.707,10.878875,-0.31785,2019-01-07 09:05:00
"1176",-391,"RLA496830S",1.707,10.8866875,-0.318665,2019-01-07 09:05:00
"1177",-390,"RLA496830S",1.707,10.8945,-0.31785,2019-01-07 09:05:00
"1178",-389,"RLA496830S",1.707,10.9023125,-0.317035,2019-01-07 09:05:00
"1179",-389,"RLA496830S",1.707,10.910125,-0.317035,2019-01-07 09:05:00
"1180",-390,"RLA496830S",1.707,10.9179375,-0.31785,2019-01-07 09:05:00
"1181",-395,"RLA496830S",1.707,10.92575,-0.321925,2019-01-07 09:05:00
"1182",-395,"RLA496830S",1.707,10.9335625,-0.321925,2019-01-07 09:05:00
"1183",-395,"RLA496830S",1.707,10.941375,-0.321925,2019-01-07 09:05:00
"1184",-396,"RLA496830S",1.707,10.9491875,-0.32274,2019-01-07 09:05:00
"1185",-393,"RLA496830S",1.707,10.957,-0.320295,2019-01-07 09:05:00
"1186",-392,"RLA496830S",1.707,10.9648125,-0.31948,2019-01-07 09:05:00
"1187",-396,"RLA496830S",1.707,10.972625,-0.32274,2019-01-07 09:05:00
"1188",-400,"RLA496830S",1.707,10.9804375,-0.326,2019-01-07 09:05:00
"1189",-402,"RLA496830S",1.707,10.98825,-0.32763,2019-01-07 09:05:00
"1190",-404,"RLA496830S",1.707,10.9960625,-0.32926,2019-01-07 09:05:00
"1191",-403,"RLA496830S",1.707,11.003875,-0.328445,2019-01-07 09:05:00
"1192",-415,"RLA496830S",1.707,11.0116875,-0.338225,2019-01-07 09:05:00
"1193",-428,"RLA496830S",1.707,11.0195,-0.34882,2019-01-07 09:05:00
"1194",-415,"RLA496830S",1.707,11.0273125,-0.338225,2019-01-07 09:05:00
"1195",-393,"RLA496830S",1.707,11.035125,-0.320295,2019-01-07 09:05:00
"1196",-385,"RLA496830S",1.707,11.0429375,-0.313775,2019-01-07 09:05:00
"1197",-389,"RLA496830S",1.707,11.05075,-0.317035,2019-01-07 09:05:00
"1198",-388,"RLA496830S",1.707,11.0585625,-0.31622,2019-01-07 09:05:00
"1199",-384,"RLA496830S",1.707,11.066375,-0.31296,2019-01-07 09:05:00
"1200",-387,"RLA496830S",1.707,11.0741875,-0.315405,2019-01-07 09:05:00
"1201",-389,"RLA496830S",1.707,11.082,-0.317035,2019-01-07 09:05:00
"1202",-386,"RLA496830S",1.707,11.0898125,-0.31459,2019-01-07 09:05:00
"1203",-386,"RLA496830S",1.707,11.097625,-0.31459,2019-01-07 09:05:00
"1204",-387,"RLA496830S",1.707,11.1054375,-0.315405,2019-01-07 09:05:00
"1205",-389,"RLA496830S",1.707,11.11325,-0.317035,2019-01-07 09:05:00
"1206",-393,"RLA496830S",1.707,11.1210625,-0.320295,2019-01-07 09:05:00
"1207",-393,"RLA496830S",1.707,11.128875,-0.320295,2019-01-07 09:05:00
"1208",-394,"RLA496830S",1.707,11.1366875,-0.32111,2019-01-07 09:05:00
"1209",-391,"RLA496830S",1.707,11.1445,-0.318665,2019-01-07 09:05:00
"1210",-404,"RLA496830S",1.707,11.1523125,-0.32926,2019-01-07 09:05:00
"1211",-524,"RLA496830S",1.707,11.160125,-0.42706,2019-01-07 09:05:00
"1212",-860,"RLA496830S",1.707,11.1679375,-0.7009,2019-01-07 09:05:00
"1213",-1180,"RLA496830S",1.707,11.17575,-0.9617,2019-01-07 09:05:00
