"","waveform","serial","offset","time.sec","voltage.mv","date.time"
"1",-475,"RLA496830S",0.647,0.647,-0.387125,2019-02-14 11:05:00
"2",-347,"RLA496830S",0.647,0.6548125,-0.282805,2019-02-14 11:05:00
"3",-321,"RLA496830S",0.647,0.662625,-0.261615,2019-02-14 11:05:00
"4",-405,"RLA496830S",0.647,0.6704375,-0.330075,2019-02-14 11:05:00
"5",-393,"RLA496830S",0.647,0.67825,-0.320295,2019-02-14 11:05:00
"6",-384,"RLA496830S",0.647,0.6860625,-0.31296,2019-02-14 11:05:00
"7",-409,"RLA496830S",0.647,0.693875,-0.333335,2019-02-14 11:05:00
"8",-396,"RLA496830S",0.647,0.7016875,-0.32274,2019-02-14 11:05:00
"9",-423,"RLA496830S",0.647,0.7095,-0.344745,2019-02-14 11:05:00
"10",-451,"RLA496830S",0.647,0.7173125,-0.367565,2019-02-14 11:05:00
"11",-422,"RLA496830S",0.647,0.725125,-0.34393,2019-02-14 11:05:00
"12",-433,"RLA496830S",0.647,0.7329375,-0.352895,2019-02-14 11:05:00
"13",-464,"RLA496830S",0.647,0.74075,-0.37816,2019-02-14 11:05:00
"14",-492,"RLA496830S",0.647,0.7485625,-0.40098,2019-02-14 11:05:00
"15",-512,"RLA496830S",0.647,0.756375,-0.41728,2019-02-14 11:05:00
"16",-525,"RLA496830S",0.647,0.7641875,-0.427875,2019-02-14 11:05:00
"17",-564,"RLA496830S",0.647,0.772,-0.45966,2019-02-14 11:05:00
"18",-597,"RLA496830S",0.647,0.7798125,-0.486555,2019-02-14 11:05:00
"19",-579,"RLA496830S",0.647,0.787625,-0.471885,2019-02-14 11:05:00
"20",-497,"RLA496830S",0.647,0.7954375,-0.405055,2019-02-14 11:05:00
"21",-411,"RLA496830S",0.647,0.80325,-0.334965,2019-02-14 11:05:00
"22",-381,"RLA496830S",0.647,0.8110625,-0.310515,2019-02-14 11:05:00
"23",-369,"RLA496830S",0.647,0.818875,-0.300735,2019-02-14 11:05:00
"24",-352,"RLA496830S",0.647,0.8266875,-0.28688,2019-02-14 11:05:00
"25",-362,"RLA496830S",0.647,0.8345,-0.29503,2019-02-14 11:05:00
"26",-366,"RLA496830S",0.647,0.8423125,-0.29829,2019-02-14 11:05:00
"27",-365,"RLA496830S",0.647,0.850125,-0.297475,2019-02-14 11:05:00
"28",-365,"RLA496830S",0.647,0.8579375,-0.297475,2019-02-14 11:05:00
"29",-361,"RLA496830S",0.647,0.86575,-0.294215,2019-02-14 11:05:00
"30",-365,"RLA496830S",0.647,0.8735625,-0.297475,2019-02-14 11:05:00
"31",-370,"RLA496830S",0.647,0.881375,-0.30155,2019-02-14 11:05:00
"32",-366,"RLA496830S",0.647,0.8891875,-0.29829,2019-02-14 11:05:00
"33",-370,"RLA496830S",0.647,0.897,-0.30155,2019-02-14 11:05:00
"34",-374,"RLA496830S",0.647,0.9048125,-0.30481,2019-02-14 11:05:00
"35",-375,"RLA496830S",0.647,0.912625,-0.305625,2019-02-14 11:05:00
"36",-375,"RLA496830S",0.647,0.9204375,-0.305625,2019-02-14 11:05:00
"37",-378,"RLA496830S",0.647,0.92825,-0.30807,2019-02-14 11:05:00
"38",-381,"RLA496830S",0.647,0.9360625,-0.310515,2019-02-14 11:05:00
"39",-377,"RLA496830S",0.647,0.943875,-0.307255,2019-02-14 11:05:00
"40",-382,"RLA496830S",0.647,0.9516875,-0.31133,2019-02-14 11:05:00
"41",-381,"RLA496830S",0.647,0.9595,-0.310515,2019-02-14 11:05:00
"42",-377,"RLA496830S",0.647,0.9673125,-0.307255,2019-02-14 11:05:00
"43",-377,"RLA496830S",0.647,0.975125,-0.307255,2019-02-14 11:05:00
"44",-374,"RLA496830S",0.647,0.9829375,-0.30481,2019-02-14 11:05:00
"45",-371,"RLA496830S",0.647,0.99075,-0.302365,2019-02-14 11:05:00
"46",-374,"RLA496830S",0.647,0.9985625,-0.30481,2019-02-14 11:05:00
"47",-376,"RLA496830S",0.647,1.006375,-0.30644,2019-02-14 11:05:00
"48",-372,"RLA496830S",0.647,1.0141875,-0.30318,2019-02-14 11:05:00
"49",-367,"RLA496830S",0.647,1.022,-0.299105,2019-02-14 11:05:00
"50",-368,"RLA496830S",0.647,1.0298125,-0.29992,2019-02-14 11:05:00
"51",-374,"RLA496830S",0.647,1.037625,-0.30481,2019-02-14 11:05:00
"52",-376,"RLA496830S",0.647,1.0454375,-0.30644,2019-02-14 11:05:00
"53",-376,"RLA496830S",0.647,1.05325,-0.30644,2019-02-14 11:05:00
"54",-377,"RLA496830S",0.647,1.0610625,-0.307255,2019-02-14 11:05:00
"55",-379,"RLA496830S",0.647,1.068875,-0.308885,2019-02-14 11:05:00
"56",-390,"RLA496830S",0.647,1.0766875,-0.31785,2019-02-14 11:05:00
"57",-393,"RLA496830S",0.647,1.0845,-0.320295,2019-02-14 11:05:00
"58",-389,"RLA496830S",0.647,1.0923125,-0.317035,2019-02-14 11:05:00
"59",-409,"RLA496830S",0.647,1.100125,-0.333335,2019-02-14 11:05:00
"60",-431,"RLA496830S",0.647,1.1079375,-0.351265,2019-02-14 11:05:00
"61",-404,"RLA496830S",0.647,1.11575,-0.32926,2019-02-14 11:05:00
"62",-366,"RLA496830S",0.647,1.1235625,-0.29829,2019-02-14 11:05:00
"63",-357,"RLA496830S",0.647,1.131375,-0.290955,2019-02-14 11:05:00
"64",-360,"RLA496830S",0.647,1.1391875,-0.2934,2019-02-14 11:05:00
"65",-362,"RLA496830S",0.647,1.147,-0.29503,2019-02-14 11:05:00
"66",-360,"RLA496830S",0.647,1.1548125,-0.2934,2019-02-14 11:05:00
"67",-359,"RLA496830S",0.647,1.162625,-0.292585,2019-02-14 11:05:00
"68",-363,"RLA496830S",0.647,1.1704375,-0.295845,2019-02-14 11:05:00
"69",-363,"RLA496830S",0.647,1.17825,-0.295845,2019-02-14 11:05:00
"70",-364,"RLA496830S",0.647,1.1860625,-0.29666,2019-02-14 11:05:00
"71",-368,"RLA496830S",0.647,1.193875,-0.29992,2019-02-14 11:05:00
"72",-369,"RLA496830S",0.647,1.2016875,-0.300735,2019-02-14 11:05:00
"73",-367,"RLA496830S",0.647,1.2095,-0.299105,2019-02-14 11:05:00
"74",-406,"RLA496830S",0.647,1.2173125,-0.33089,2019-02-14 11:05:00
"75",-586,"RLA496830S",0.647,1.225125,-0.47759,2019-02-14 11:05:00
"76",-916,"RLA496830S",0.647,1.2329375,-0.74654,2019-02-14 11:05:00
"77",-958,"RLA496830S",0.647,1.24075,-0.78077,2019-02-14 11:05:00
"78",-412,"RLA496830S",0.647,1.2485625,-0.33578,2019-02-14 11:05:00
"79",-46,"RLA496830S",0.647,1.256375,-0.03749,2019-02-14 11:05:00
"80",-349,"RLA496830S",0.647,1.2641875,-0.284435,2019-02-14 11:05:00
"81",-468,"RLA496830S",0.647,1.272,-0.38142,2019-02-14 11:05:00
"82",-391,"RLA496830S",0.647,1.2798125,-0.318665,2019-02-14 11:05:00
"83",-374,"RLA496830S",0.647,1.287625,-0.30481,2019-02-14 11:05:00
"84",-398,"RLA496830S",0.647,1.2954375,-0.32437,2019-02-14 11:05:00
"85",-386,"RLA496830S",0.647,1.30325,-0.31459,2019-02-14 11:05:00
"86",-403,"RLA496830S",0.647,1.3110625,-0.328445,2019-02-14 11:05:00
"87",-392,"RLA496830S",0.647,1.318875,-0.31948,2019-02-14 11:05:00
"88",-372,"RLA496830S",0.647,1.3266875,-0.30318,2019-02-14 11:05:00
"89",-420,"RLA496830S",0.647,1.3345,-0.3423,2019-02-14 11:05:00
"90",-433,"RLA496830S",0.647,1.3423125,-0.352895,2019-02-14 11:05:00
"91",-443,"RLA496830S",0.647,1.350125,-0.361045,2019-02-14 11:05:00
"92",-460,"RLA496830S",0.647,1.3579375,-0.3749,2019-02-14 11:05:00
"93",-481,"RLA496830S",0.647,1.36575,-0.392015,2019-02-14 11:05:00
"94",-511,"RLA496830S",0.647,1.3735625,-0.416465,2019-02-14 11:05:00
"95",-527,"RLA496830S",0.647,1.381375,-0.429505,2019-02-14 11:05:00
"96",-561,"RLA496830S",0.647,1.3891875,-0.457215,2019-02-14 11:05:00
"97",-591,"RLA496830S",0.647,1.397,-0.481665,2019-02-14 11:05:00
"98",-584,"RLA496830S",0.647,1.4048125,-0.47596,2019-02-14 11:05:00
"99",-512,"RLA496830S",0.647,1.412625,-0.41728,2019-02-14 11:05:00
"100",-417,"RLA496830S",0.647,1.4204375,-0.339855,2019-02-14 11:05:00
"101",-373,"RLA496830S",0.647,1.42825,-0.303995,2019-02-14 11:05:00
"102",-374,"RLA496830S",0.647,1.4360625,-0.30481,2019-02-14 11:05:00
"103",-365,"RLA496830S",0.647,1.443875,-0.297475,2019-02-14 11:05:00
"104",-363,"RLA496830S",0.647,1.4516875,-0.295845,2019-02-14 11:05:00
"105",-363,"RLA496830S",0.647,1.4595,-0.295845,2019-02-14 11:05:00
"106",-364,"RLA496830S",0.647,1.4673125,-0.29666,2019-02-14 11:05:00
"107",-365,"RLA496830S",0.647,1.475125,-0.297475,2019-02-14 11:05:00
"108",-361,"RLA496830S",0.647,1.4829375,-0.294215,2019-02-14 11:05:00
"109",-364,"RLA496830S",0.647,1.49075,-0.29666,2019-02-14 11:05:00
"110",-372,"RLA496830S",0.647,1.4985625,-0.30318,2019-02-14 11:05:00
"111",-374,"RLA496830S",0.647,1.506375,-0.30481,2019-02-14 11:05:00
"112",-372,"RLA496830S",0.647,1.5141875,-0.30318,2019-02-14 11:05:00
"113",-372,"RLA496830S",0.647,1.522,-0.30318,2019-02-14 11:05:00
"114",-376,"RLA496830S",0.647,1.5298125,-0.30644,2019-02-14 11:05:00
"115",-377,"RLA496830S",0.647,1.537625,-0.307255,2019-02-14 11:05:00
"116",-377,"RLA496830S",0.647,1.5454375,-0.307255,2019-02-14 11:05:00
"117",-379,"RLA496830S",0.647,1.55325,-0.308885,2019-02-14 11:05:00
"118",-377,"RLA496830S",0.647,1.5610625,-0.307255,2019-02-14 11:05:00
"119",-377,"RLA496830S",0.647,1.568875,-0.307255,2019-02-14 11:05:00
"120",-379,"RLA496830S",0.647,1.5766875,-0.308885,2019-02-14 11:05:00
"121",-375,"RLA496830S",0.647,1.5845,-0.305625,2019-02-14 11:05:00
"122",-375,"RLA496830S",0.647,1.5923125,-0.305625,2019-02-14 11:05:00
"123",-376,"RLA496830S",0.647,1.600125,-0.30644,2019-02-14 11:05:00
"124",-372,"RLA496830S",0.647,1.6079375,-0.30318,2019-02-14 11:05:00
"125",-370,"RLA496830S",0.647,1.61575,-0.30155,2019-02-14 11:05:00
"126",-373,"RLA496830S",0.647,1.6235625,-0.303995,2019-02-14 11:05:00
"127",-374,"RLA496830S",0.647,1.631375,-0.30481,2019-02-14 11:05:00
"128",-369,"RLA496830S",0.647,1.6391875,-0.300735,2019-02-14 11:05:00
"129",-371,"RLA496830S",0.647,1.647,-0.302365,2019-02-14 11:05:00
"130",-376,"RLA496830S",0.647,1.6548125,-0.30644,2019-02-14 11:05:00
"131",-378,"RLA496830S",0.647,1.662625,-0.30807,2019-02-14 11:05:00
"132",-385,"RLA496830S",0.647,1.6704375,-0.313775,2019-02-14 11:05:00
"133",-390,"RLA496830S",0.647,1.67825,-0.31785,2019-02-14 11:05:00
"134",-388,"RLA496830S",0.647,1.6860625,-0.31622,2019-02-14 11:05:00
"135",-398,"RLA496830S",0.647,1.693875,-0.32437,2019-02-14 11:05:00
"136",-426,"RLA496830S",0.647,1.7016875,-0.34719,2019-02-14 11:05:00
"137",-432,"RLA496830S",0.647,1.7095,-0.35208,2019-02-14 11:05:00
"138",-396,"RLA496830S",0.647,1.7173125,-0.32274,2019-02-14 11:05:00
"139",-362,"RLA496830S",0.647,1.725125,-0.29503,2019-02-14 11:05:00
"140",-360,"RLA496830S",0.647,1.7329375,-0.2934,2019-02-14 11:05:00
"141",-356,"RLA496830S",0.647,1.74075,-0.29014,2019-02-14 11:05:00
"142",-352,"RLA496830S",0.647,1.7485625,-0.28688,2019-02-14 11:05:00
"143",-356,"RLA496830S",0.647,1.756375,-0.29014,2019-02-14 11:05:00
"144",-355,"RLA496830S",0.647,1.7641875,-0.289325,2019-02-14 11:05:00
"145",-355,"RLA496830S",0.647,1.772,-0.289325,2019-02-14 11:05:00
"146",-357,"RLA496830S",0.647,1.7798125,-0.290955,2019-02-14 11:05:00
"147",-358,"RLA496830S",0.647,1.787625,-0.29177,2019-02-14 11:05:00
"148",-354,"RLA496830S",0.647,1.7954375,-0.28851,2019-02-14 11:05:00
"149",-367,"RLA496830S",0.647,1.80325,-0.299105,2019-02-14 11:05:00
"150",-484,"RLA496830S",0.647,1.8110625,-0.39446,2019-02-14 11:05:00
"151",-758,"RLA496830S",0.647,1.818875,-0.61777,2019-02-14 11:05:00
"152",-971,"RLA496830S",0.647,1.8266875,-0.791365,2019-02-14 11:05:00
"153",-551,"RLA496830S",0.647,1.8345,-0.449065,2019-02-14 11:05:00
"154",-123,"RLA496830S",0.647,1.8423125,-0.100245,2019-02-14 11:05:00
"155",-216,"RLA496830S",0.647,1.850125,-0.17604,2019-02-14 11:05:00
"156",-410,"RLA496830S",0.647,1.8579375,-0.33415,2019-02-14 11:05:00
"157",-384,"RLA496830S",0.647,1.86575,-0.31296,2019-02-14 11:05:00
"158",-361,"RLA496830S",0.647,1.8735625,-0.294215,2019-02-14 11:05:00
"159",-395,"RLA496830S",0.647,1.881375,-0.321925,2019-02-14 11:05:00
"160",-377,"RLA496830S",0.647,1.8891875,-0.307255,2019-02-14 11:05:00
"161",-400,"RLA496830S",0.647,1.897,-0.326,2019-02-14 11:05:00
"162",-423,"RLA496830S",0.647,1.9048125,-0.344745,2019-02-14 11:05:00
"163",-401,"RLA496830S",0.647,1.912625,-0.326815,2019-02-14 11:05:00
"164",-409,"RLA496830S",0.647,1.9204375,-0.333335,2019-02-14 11:05:00
"165",-419,"RLA496830S",0.647,1.92825,-0.341485,2019-02-14 11:05:00
"166",-438,"RLA496830S",0.647,1.9360625,-0.35697,2019-02-14 11:05:00
"167",-449,"RLA496830S",0.647,1.943875,-0.365935,2019-02-14 11:05:00
"168",-434,"RLA496830S",0.647,1.9516875,-0.35371,2019-02-14 11:05:00
"169",-477,"RLA496830S",0.647,1.9595,-0.388755,2019-02-14 11:05:00
"170",-513,"RLA496830S",0.647,1.9673125,-0.418095,2019-02-14 11:05:00
"171",-537,"RLA496830S",0.647,1.975125,-0.437655,2019-02-14 11:05:00
"172",-572,"RLA496830S",0.647,1.9829375,-0.46618,2019-02-14 11:05:00
"173",-581,"RLA496830S",0.647,1.99075,-0.473515,2019-02-14 11:05:00
"174",-525,"RLA496830S",0.647,1.9985625,-0.427875,2019-02-14 11:05:00
"175",-430,"RLA496830S",0.647,2.006375,-0.35045,2019-02-14 11:05:00
"176",-367,"RLA496830S",0.647,2.0141875,-0.299105,2019-02-14 11:05:00
"177",-367,"RLA496830S",0.647,2.022,-0.299105,2019-02-14 11:05:00
"178",-360,"RLA496830S",0.647,2.0298125,-0.2934,2019-02-14 11:05:00
"179",-357,"RLA496830S",0.647,2.037625,-0.290955,2019-02-14 11:05:00
"180",-354,"RLA496830S",0.647,2.0454375,-0.28851,2019-02-14 11:05:00
"181",-348,"RLA496830S",0.647,2.05325,-0.28362,2019-02-14 11:05:00
"182",-354,"RLA496830S",0.647,2.0610625,-0.28851,2019-02-14 11:05:00
"183",-356,"RLA496830S",0.647,2.068875,-0.29014,2019-02-14 11:05:00
"184",-360,"RLA496830S",0.647,2.0766875,-0.2934,2019-02-14 11:05:00
"185",-360,"RLA496830S",0.647,2.0845,-0.2934,2019-02-14 11:05:00
"186",-358,"RLA496830S",0.647,2.0923125,-0.29177,2019-02-14 11:05:00
"187",-364,"RLA496830S",0.647,2.100125,-0.29666,2019-02-14 11:05:00
"188",-364,"RLA496830S",0.647,2.1079375,-0.29666,2019-02-14 11:05:00
"189",-361,"RLA496830S",0.647,2.11575,-0.294215,2019-02-14 11:05:00
"190",-366,"RLA496830S",0.647,2.1235625,-0.29829,2019-02-14 11:05:00
"191",-367,"RLA496830S",0.647,2.131375,-0.299105,2019-02-14 11:05:00
"192",-367,"RLA496830S",0.647,2.1391875,-0.299105,2019-02-14 11:05:00
"193",-366,"RLA496830S",0.647,2.147,-0.29829,2019-02-14 11:05:00
"194",-365,"RLA496830S",0.647,2.1548125,-0.297475,2019-02-14 11:05:00
"195",-366,"RLA496830S",0.647,2.162625,-0.29829,2019-02-14 11:05:00
"196",-363,"RLA496830S",0.647,2.1704375,-0.295845,2019-02-14 11:05:00
"197",-364,"RLA496830S",0.647,2.17825,-0.29666,2019-02-14 11:05:00
"198",-368,"RLA496830S",0.647,2.1860625,-0.29992,2019-02-14 11:05:00
"199",-371,"RLA496830S",0.647,2.193875,-0.302365,2019-02-14 11:05:00
"200",-378,"RLA496830S",0.647,2.2016875,-0.30807,2019-02-14 11:05:00
"201",-380,"RLA496830S",0.647,2.2095,-0.3097,2019-02-14 11:05:00
"202",-393,"RLA496830S",0.647,2.2173125,-0.320295,2019-02-14 11:05:00
"203",-418,"RLA496830S",0.647,2.225125,-0.34067,2019-02-14 11:05:00
"204",-425,"RLA496830S",0.647,2.2329375,-0.346375,2019-02-14 11:05:00
"205",-388,"RLA496830S",0.647,2.24075,-0.31622,2019-02-14 11:05:00
"206",-349,"RLA496830S",0.647,2.2485625,-0.284435,2019-02-14 11:05:00
"207",-346,"RLA496830S",0.647,2.256375,-0.28199,2019-02-14 11:05:00
"208",-348,"RLA496830S",0.647,2.2641875,-0.28362,2019-02-14 11:05:00
"209",-346,"RLA496830S",0.647,2.272,-0.28199,2019-02-14 11:05:00
"210",-345,"RLA496830S",0.647,2.2798125,-0.281175,2019-02-14 11:05:00
"211",-342,"RLA496830S",0.647,2.287625,-0.27873,2019-02-14 11:05:00
"212",-342,"RLA496830S",0.647,2.2954375,-0.27873,2019-02-14 11:05:00
"213",-346,"RLA496830S",0.647,2.30325,-0.28199,2019-02-14 11:05:00
"214",-345,"RLA496830S",0.647,2.3110625,-0.281175,2019-02-14 11:05:00
"215",-353,"RLA496830S",0.647,2.318875,-0.287695,2019-02-14 11:05:00
"216",-477,"RLA496830S",0.647,2.3266875,-0.388755,2019-02-14 11:05:00
"217",-735,"RLA496830S",0.647,2.3345,-0.599025,2019-02-14 11:05:00
"218",-878,"RLA496830S",0.647,2.3423125,-0.71557,2019-02-14 11:05:00
"219",-525,"RLA496830S",0.647,2.350125,-0.427875,2019-02-14 11:05:00
"220",-134,"RLA496830S",0.647,2.3579375,-0.10921,2019-02-14 11:05:00
"221",-217,"RLA496830S",0.647,2.36575,-0.176855,2019-02-14 11:05:00
"222",-396,"RLA496830S",0.647,2.3735625,-0.32274,2019-02-14 11:05:00
"223",-373,"RLA496830S",0.647,2.381375,-0.303995,2019-02-14 11:05:00
"224",-355,"RLA496830S",0.647,2.3891875,-0.289325,2019-02-14 11:05:00
"225",-387,"RLA496830S",0.647,2.397,-0.315405,2019-02-14 11:05:00
"226",-367,"RLA496830S",0.647,2.4048125,-0.299105,2019-02-14 11:05:00
"227",-364,"RLA496830S",0.647,2.412625,-0.29666,2019-02-14 11:05:00
"228",-392,"RLA496830S",0.647,2.4204375,-0.31948,2019-02-14 11:05:00
"229",-399,"RLA496830S",0.647,2.42825,-0.325185,2019-02-14 11:05:00
"230",-411,"RLA496830S",0.647,2.4360625,-0.334965,2019-02-14 11:05:00
"231",-412,"RLA496830S",0.647,2.443875,-0.33578,2019-02-14 11:05:00
"232",-439,"RLA496830S",0.647,2.4516875,-0.357785,2019-02-14 11:05:00
"233",-465,"RLA496830S",0.647,2.4595,-0.378975,2019-02-14 11:05:00
"234",-452,"RLA496830S",0.647,2.4673125,-0.36838,2019-02-14 11:05:00
"235",-468,"RLA496830S",0.647,2.475125,-0.38142,2019-02-14 11:05:00
"236",-496,"RLA496830S",0.647,2.4829375,-0.40424,2019-02-14 11:05:00
"237",-524,"RLA496830S",0.647,2.49075,-0.42706,2019-02-14 11:05:00
"238",-561,"RLA496830S",0.647,2.4985625,-0.457215,2019-02-14 11:05:00
"239",-554,"RLA496830S",0.647,2.506375,-0.45151,2019-02-14 11:05:00
"240",-478,"RLA496830S",0.647,2.5141875,-0.38957,2019-02-14 11:05:00
"241",-405,"RLA496830S",0.647,2.522,-0.330075,2019-02-14 11:05:00
"242",-363,"RLA496830S",0.647,2.5298125,-0.295845,2019-02-14 11:05:00
"243",-361,"RLA496830S",0.647,2.537625,-0.294215,2019-02-14 11:05:00
"244",-359,"RLA496830S",0.647,2.5454375,-0.292585,2019-02-14 11:05:00
"245",-358,"RLA496830S",0.647,2.55325,-0.29177,2019-02-14 11:05:00
"246",-354,"RLA496830S",0.647,2.5610625,-0.28851,2019-02-14 11:05:00
"247",-349,"RLA496830S",0.647,2.568875,-0.284435,2019-02-14 11:05:00
"248",-356,"RLA496830S",0.647,2.5766875,-0.29014,2019-02-14 11:05:00
"249",-356,"RLA496830S",0.647,2.5845,-0.29014,2019-02-14 11:05:00
"250",-358,"RLA496830S",0.647,2.5923125,-0.29177,2019-02-14 11:05:00
"251",-361,"RLA496830S",0.647,2.600125,-0.294215,2019-02-14 11:05:00
"252",-361,"RLA496830S",0.647,2.6079375,-0.294215,2019-02-14 11:05:00
"253",-364,"RLA496830S",0.647,2.61575,-0.29666,2019-02-14 11:05:00
"254",-363,"RLA496830S",0.647,2.6235625,-0.295845,2019-02-14 11:05:00
"255",-360,"RLA496830S",0.647,2.631375,-0.2934,2019-02-14 11:05:00
"256",-365,"RLA496830S",0.647,2.6391875,-0.297475,2019-02-14 11:05:00
"257",-363,"RLA496830S",0.647,2.647,-0.295845,2019-02-14 11:05:00
"258",-363,"RLA496830S",0.647,2.6548125,-0.295845,2019-02-14 11:05:00
"259",-368,"RLA496830S",0.647,2.662625,-0.29992,2019-02-14 11:05:00
"260",-377,"RLA496830S",0.647,2.6704375,-0.307255,2019-02-14 11:05:00
"261",-387,"RLA496830S",0.647,2.67825,-0.315405,2019-02-14 11:05:00
"262",-383,"RLA496830S",0.647,2.6860625,-0.312145,2019-02-14 11:05:00
"263",-380,"RLA496830S",0.647,2.693875,-0.3097,2019-02-14 11:05:00
"264",-414,"RLA496830S",0.647,2.7016875,-0.33741,2019-02-14 11:05:00
"265",-431,"RLA496830S",0.647,2.7095,-0.351265,2019-02-14 11:05:00
"266",-396,"RLA496830S",0.647,2.7173125,-0.32274,2019-02-14 11:05:00
"267",-361,"RLA496830S",0.647,2.725125,-0.294215,2019-02-14 11:05:00
"268",-351,"RLA496830S",0.647,2.7329375,-0.286065,2019-02-14 11:05:00
"269",-346,"RLA496830S",0.647,2.74075,-0.28199,2019-02-14 11:05:00
"270",-342,"RLA496830S",0.647,2.7485625,-0.27873,2019-02-14 11:05:00
"271",-337,"RLA496830S",0.647,2.756375,-0.274655,2019-02-14 11:05:00
"272",-336,"RLA496830S",0.647,2.7641875,-0.27384,2019-02-14 11:05:00
"273",-339,"RLA496830S",0.647,2.772,-0.276285,2019-02-14 11:05:00
"274",-340,"RLA496830S",0.647,2.7798125,-0.2771,2019-02-14 11:05:00
"275",-338,"RLA496830S",0.647,2.787625,-0.27547,2019-02-14 11:05:00
"276",-378,"RLA496830S",0.647,2.7954375,-0.30807,2019-02-14 11:05:00
"277",-544,"RLA496830S",0.647,2.80325,-0.44336,2019-02-14 11:05:00
"278",-822,"RLA496830S",0.647,2.8110625,-0.66993,2019-02-14 11:05:00
"279",-910,"RLA496830S",0.647,2.818875,-0.74165,2019-02-14 11:05:00
"280",-346,"RLA496830S",0.647,2.8266875,-0.28199,2019-02-14 11:05:00
"281",-134,"RLA496830S",0.647,2.8345,-0.10921,2019-02-14 11:05:00
"282",-330,"RLA496830S",0.647,2.8423125,-0.26895,2019-02-14 11:05:00
"283",-421,"RLA496830S",0.647,2.850125,-0.343115,2019-02-14 11:05:00
"284",-358,"RLA496830S",0.647,2.8579375,-0.29177,2019-02-14 11:05:00
"285",-353,"RLA496830S",0.647,2.86575,-0.287695,2019-02-14 11:05:00
"286",-377,"RLA496830S",0.647,2.8735625,-0.307255,2019-02-14 11:05:00
"287",-366,"RLA496830S",0.647,2.881375,-0.29829,2019-02-14 11:05:00
"288",-383,"RLA496830S",0.647,2.8891875,-0.312145,2019-02-14 11:05:00
"289",-383,"RLA496830S",0.647,2.897,-0.312145,2019-02-14 11:05:00
"290",-400,"RLA496830S",0.647,2.9048125,-0.326,2019-02-14 11:05:00
"291",-422,"RLA496830S",0.647,2.912625,-0.34393,2019-02-14 11:05:00
"292",-403,"RLA496830S",0.647,2.9204375,-0.328445,2019-02-14 11:05:00
"293",-410,"RLA496830S",0.647,2.92825,-0.33415,2019-02-14 11:05:00
"294",-431,"RLA496830S",0.647,2.9360625,-0.351265,2019-02-14 11:05:00
"295",-453,"RLA496830S",0.647,2.943875,-0.369195,2019-02-14 11:05:00
"296",-475,"RLA496830S",0.647,2.9516875,-0.387125,2019-02-14 11:05:00
"297",-478,"RLA496830S",0.647,2.9595,-0.38957,2019-02-14 11:05:00
"298",-510,"RLA496830S",0.647,2.9673125,-0.41565,2019-02-14 11:05:00
"299",-529,"RLA496830S",0.647,2.975125,-0.431135,2019-02-14 11:05:00
"300",-485,"RLA496830S",0.647,2.9829375,-0.395275,2019-02-14 11:05:00
"301",-416,"RLA496830S",0.647,2.99075,-0.33904,2019-02-14 11:05:00
"302",-372,"RLA496830S",0.647,2.9985625,-0.30318,2019-02-14 11:05:00
"303",-362,"RLA496830S",0.647,3.006375,-0.29503,2019-02-14 11:05:00
"304",-355,"RLA496830S",0.647,3.0141875,-0.289325,2019-02-14 11:05:00
"305",-347,"RLA496830S",0.647,3.022,-0.282805,2019-02-14 11:05:00
"306",-352,"RLA496830S",0.647,3.0298125,-0.28688,2019-02-14 11:05:00
"307",-353,"RLA496830S",0.647,3.037625,-0.287695,2019-02-14 11:05:00
"308",-354,"RLA496830S",0.647,3.0454375,-0.28851,2019-02-14 11:05:00
"309",-357,"RLA496830S",0.647,3.05325,-0.290955,2019-02-14 11:05:00
"310",-357,"RLA496830S",0.647,3.0610625,-0.290955,2019-02-14 11:05:00
"311",-360,"RLA496830S",0.647,3.068875,-0.2934,2019-02-14 11:05:00
"312",-361,"RLA496830S",0.647,3.0766875,-0.294215,2019-02-14 11:05:00
"313",-358,"RLA496830S",0.647,3.0845,-0.29177,2019-02-14 11:05:00
"314",-358,"RLA496830S",0.647,3.0923125,-0.29177,2019-02-14 11:05:00
"315",-362,"RLA496830S",0.647,3.100125,-0.29503,2019-02-14 11:05:00
"316",-367,"RLA496830S",0.647,3.1079375,-0.299105,2019-02-14 11:05:00
"317",-370,"RLA496830S",0.647,3.11575,-0.30155,2019-02-14 11:05:00
"318",-376,"RLA496830S",0.647,3.1235625,-0.30644,2019-02-14 11:05:00
"319",-382,"RLA496830S",0.647,3.131375,-0.31133,2019-02-14 11:05:00
"320",-386,"RLA496830S",0.647,3.1391875,-0.31459,2019-02-14 11:05:00
"321",-400,"RLA496830S",0.647,3.147,-0.326,2019-02-14 11:05:00
"322",-431,"RLA496830S",0.647,3.1548125,-0.351265,2019-02-14 11:05:00
"323",-445,"RLA496830S",0.647,3.162625,-0.362675,2019-02-14 11:05:00
"324",-403,"RLA496830S",0.647,3.1704375,-0.328445,2019-02-14 11:05:00
"325",-358,"RLA496830S",0.647,3.17825,-0.29177,2019-02-14 11:05:00
"326",-351,"RLA496830S",0.647,3.1860625,-0.286065,2019-02-14 11:05:00
"327",-355,"RLA496830S",0.647,3.193875,-0.289325,2019-02-14 11:05:00
"328",-351,"RLA496830S",0.647,3.2016875,-0.286065,2019-02-14 11:05:00
"329",-347,"RLA496830S",0.647,3.2095,-0.282805,2019-02-14 11:05:00
"330",-342,"RLA496830S",0.647,3.2173125,-0.27873,2019-02-14 11:05:00
"331",-338,"RLA496830S",0.647,3.225125,-0.27547,2019-02-14 11:05:00
"332",-337,"RLA496830S",0.647,3.2329375,-0.274655,2019-02-14 11:05:00
"333",-346,"RLA496830S",0.647,3.24075,-0.28199,2019-02-14 11:05:00
"334",-425,"RLA496830S",0.647,3.2485625,-0.346375,2019-02-14 11:05:00
"335",-624,"RLA496830S",0.647,3.256375,-0.50856,2019-02-14 11:05:00
"336",-851,"RLA496830S",0.647,3.2641875,-0.693565,2019-02-14 11:05:00
"337",-621,"RLA496830S",0.647,3.272,-0.506115,2019-02-14 11:05:00
"338",-261,"RLA496830S",0.647,3.2798125,-0.212715,2019-02-14 11:05:00
"339",-228,"RLA496830S",0.647,3.287625,-0.18582,2019-02-14 11:05:00
"340",-363,"RLA496830S",0.647,3.2954375,-0.295845,2019-02-14 11:05:00
"341",-371,"RLA496830S",0.647,3.30325,-0.302365,2019-02-14 11:05:00
"342",-348,"RLA496830S",0.647,3.3110625,-0.28362,2019-02-14 11:05:00
"343",-372,"RLA496830S",0.647,3.318875,-0.30318,2019-02-14 11:05:00
"344",-376,"RLA496830S",0.647,3.3266875,-0.30644,2019-02-14 11:05:00
"345",-367,"RLA496830S",0.647,3.3345,-0.299105,2019-02-14 11:05:00
"346",-376,"RLA496830S",0.647,3.3423125,-0.30644,2019-02-14 11:05:00
"347",-386,"RLA496830S",0.647,3.350125,-0.31459,2019-02-14 11:05:00
"348",-399,"RLA496830S",0.647,3.3579375,-0.325185,2019-02-14 11:05:00
"349",-399,"RLA496830S",0.647,3.36575,-0.325185,2019-02-14 11:05:00
"350",-414,"RLA496830S",0.647,3.3735625,-0.33741,2019-02-14 11:05:00
"351",-440,"RLA496830S",0.647,3.381375,-0.3586,2019-02-14 11:05:00
"352",-425,"RLA496830S",0.647,3.3891875,-0.346375,2019-02-14 11:05:00
"353",-442,"RLA496830S",0.647,3.397,-0.36023,2019-02-14 11:05:00
"354",-468,"RLA496830S",0.647,3.4048125,-0.38142,2019-02-14 11:05:00
"355",-494,"RLA496830S",0.647,3.412625,-0.40261,2019-02-14 11:05:00
"356",-520,"RLA496830S",0.647,3.4204375,-0.4238,2019-02-14 11:05:00
"357",-504,"RLA496830S",0.647,3.42825,-0.41076,2019-02-14 11:05:00
"358",-449,"RLA496830S",0.647,3.4360625,-0.365935,2019-02-14 11:05:00
"359",-394,"RLA496830S",0.647,3.443875,-0.32111,2019-02-14 11:05:00
"360",-364,"RLA496830S",0.647,3.4516875,-0.29666,2019-02-14 11:05:00
"361",-365,"RLA496830S",0.647,3.4595,-0.297475,2019-02-14 11:05:00
"362",-363,"RLA496830S",0.647,3.4673125,-0.295845,2019-02-14 11:05:00
"363",-361,"RLA496830S",0.647,3.475125,-0.294215,2019-02-14 11:05:00
"364",-359,"RLA496830S",0.647,3.4829375,-0.292585,2019-02-14 11:05:00
"365",-357,"RLA496830S",0.647,3.49075,-0.290955,2019-02-14 11:05:00
"366",-362,"RLA496830S",0.647,3.4985625,-0.29503,2019-02-14 11:05:00
"367",-359,"RLA496830S",0.647,3.506375,-0.292585,2019-02-14 11:05:00
"368",-358,"RLA496830S",0.647,3.5141875,-0.29177,2019-02-14 11:05:00
"369",-364,"RLA496830S",0.647,3.522,-0.29666,2019-02-14 11:05:00
"370",-366,"RLA496830S",0.647,3.5298125,-0.29829,2019-02-14 11:05:00
"371",-369,"RLA496830S",0.647,3.537625,-0.300735,2019-02-14 11:05:00
"372",-372,"RLA496830S",0.647,3.5454375,-0.30318,2019-02-14 11:05:00
"373",-373,"RLA496830S",0.647,3.55325,-0.303995,2019-02-14 11:05:00
"374",-378,"RLA496830S",0.647,3.5610625,-0.30807,2019-02-14 11:05:00
"375",-389,"RLA496830S",0.647,3.568875,-0.317035,2019-02-14 11:05:00
"376",-396,"RLA496830S",0.647,3.5766875,-0.32274,2019-02-14 11:05:00
"377",-407,"RLA496830S",0.647,3.5845,-0.331705,2019-02-14 11:05:00
"378",-436,"RLA496830S",0.647,3.5923125,-0.35534,2019-02-14 11:05:00
"379",-449,"RLA496830S",0.647,3.600125,-0.365935,2019-02-14 11:05:00
"380",-410,"RLA496830S",0.647,3.6079375,-0.33415,2019-02-14 11:05:00
"381",-373,"RLA496830S",0.647,3.61575,-0.303995,2019-02-14 11:05:00
"382",-364,"RLA496830S",0.647,3.6235625,-0.29666,2019-02-14 11:05:00
"383",-363,"RLA496830S",0.647,3.631375,-0.295845,2019-02-14 11:05:00
"384",-358,"RLA496830S",0.647,3.6391875,-0.29177,2019-02-14 11:05:00
"385",-354,"RLA496830S",0.647,3.647,-0.28851,2019-02-14 11:05:00
"386",-354,"RLA496830S",0.647,3.6548125,-0.28851,2019-02-14 11:05:00
"387",-353,"RLA496830S",0.647,3.662625,-0.287695,2019-02-14 11:05:00
"388",-350,"RLA496830S",0.647,3.6704375,-0.28525,2019-02-14 11:05:00
"389",-371,"RLA496830S",0.647,3.67825,-0.302365,2019-02-14 11:05:00
"390",-499,"RLA496830S",0.647,3.6860625,-0.406685,2019-02-14 11:05:00
"391",-743,"RLA496830S",0.647,3.693875,-0.605545,2019-02-14 11:05:00
"392",-851,"RLA496830S",0.647,3.7016875,-0.693565,2019-02-14 11:05:00
"393",-469,"RLA496830S",0.647,3.7095,-0.382235,2019-02-14 11:05:00
"394",-180,"RLA496830S",0.647,3.7173125,-0.1467,2019-02-14 11:05:00
"395",-297,"RLA496830S",0.647,3.725125,-0.242055,2019-02-14 11:05:00
"396",-421,"RLA496830S",0.647,3.7329375,-0.343115,2019-02-14 11:05:00
"397",-379,"RLA496830S",0.647,3.74075,-0.308885,2019-02-14 11:05:00
"398",-357,"RLA496830S",0.647,3.7485625,-0.290955,2019-02-14 11:05:00
"399",-380,"RLA496830S",0.647,3.756375,-0.3097,2019-02-14 11:05:00
"400",-373,"RLA496830S",0.647,3.7641875,-0.303995,2019-02-14 11:05:00
"401",-401,"RLA496830S",0.647,3.772,-0.326815,2019-02-14 11:05:00
"402",-415,"RLA496830S",0.647,3.7798125,-0.338225,2019-02-14 11:05:00
"403",-390,"RLA496830S",0.647,3.787625,-0.31785,2019-02-14 11:05:00
"404",-398,"RLA496830S",0.647,3.7954375,-0.32437,2019-02-14 11:05:00
"405",-415,"RLA496830S",0.647,3.80325,-0.338225,2019-02-14 11:05:00
"406",-428,"RLA496830S",0.647,3.8110625,-0.34882,2019-02-14 11:05:00
"407",-436,"RLA496830S",0.647,3.818875,-0.35534,2019-02-14 11:05:00
"408",-453,"RLA496830S",0.647,3.8266875,-0.369195,2019-02-14 11:05:00
"409",-473,"RLA496830S",0.647,3.8345,-0.385495,2019-02-14 11:05:00
"410",-488,"RLA496830S",0.647,3.8423125,-0.39772,2019-02-14 11:05:00
"411",-520,"RLA496830S",0.647,3.850125,-0.4238,2019-02-14 11:05:00
"412",-533,"RLA496830S",0.647,3.8579375,-0.434395,2019-02-14 11:05:00
"413",-492,"RLA496830S",0.647,3.86575,-0.40098,2019-02-14 11:05:00
"414",-428,"RLA496830S",0.647,3.8735625,-0.34882,2019-02-14 11:05:00
"415",-385,"RLA496830S",0.647,3.881375,-0.313775,2019-02-14 11:05:00
"416",-371,"RLA496830S",0.647,3.8891875,-0.302365,2019-02-14 11:05:00
"417",-376,"RLA496830S",0.647,3.897,-0.30644,2019-02-14 11:05:00
"418",-374,"RLA496830S",0.647,3.9048125,-0.30481,2019-02-14 11:05:00
"419",-374,"RLA496830S",0.647,3.912625,-0.30481,2019-02-14 11:05:00
"420",-373,"RLA496830S",0.647,3.9204375,-0.303995,2019-02-14 11:05:00
"421",-373,"RLA496830S",0.647,3.92825,-0.303995,2019-02-14 11:05:00
"422",-377,"RLA496830S",0.647,3.9360625,-0.307255,2019-02-14 11:05:00
"423",-374,"RLA496830S",0.647,3.943875,-0.30481,2019-02-14 11:05:00
"424",-377,"RLA496830S",0.647,3.9516875,-0.307255,2019-02-14 11:05:00
"425",-379,"RLA496830S",0.647,3.9595,-0.308885,2019-02-14 11:05:00
"426",-377,"RLA496830S",0.647,3.9673125,-0.307255,2019-02-14 11:05:00
"427",-380,"RLA496830S",0.647,3.975125,-0.3097,2019-02-14 11:05:00
"428",-391,"RLA496830S",0.647,3.9829375,-0.318665,2019-02-14 11:05:00
"429",-403,"RLA496830S",0.647,3.99075,-0.328445,2019-02-14 11:05:00
"430",-407,"RLA496830S",0.647,3.9985625,-0.331705,2019-02-14 11:05:00
"431",-400,"RLA496830S",0.647,4.006375,-0.326,2019-02-14 11:05:00
"432",-432,"RLA496830S",0.647,4.0141875,-0.35208,2019-02-14 11:05:00
"433",-460,"RLA496830S",0.647,4.022,-0.3749,2019-02-14 11:05:00
"434",-435,"RLA496830S",0.647,4.0298125,-0.354525,2019-02-14 11:05:00
"435",-393,"RLA496830S",0.647,4.037625,-0.320295,2019-02-14 11:05:00
"436",-376,"RLA496830S",0.647,4.0454375,-0.30644,2019-02-14 11:05:00
"437",-376,"RLA496830S",0.647,4.05325,-0.30644,2019-02-14 11:05:00
"438",-372,"RLA496830S",0.647,4.0610625,-0.30318,2019-02-14 11:05:00
"439",-368,"RLA496830S",0.647,4.068875,-0.29992,2019-02-14 11:05:00
"440",-368,"RLA496830S",0.647,4.0766875,-0.29992,2019-02-14 11:05:00
"441",-367,"RLA496830S",0.647,4.0845,-0.299105,2019-02-14 11:05:00
"442",-364,"RLA496830S",0.647,4.0923125,-0.29666,2019-02-14 11:05:00
"443",-370,"RLA496830S",0.647,4.100125,-0.30155,2019-02-14 11:05:00
"444",-449,"RLA496830S",0.647,4.1079375,-0.365935,2019-02-14 11:05:00
"445",-684,"RLA496830S",0.647,4.11575,-0.55746,2019-02-14 11:05:00
"446",-886,"RLA496830S",0.647,4.1235625,-0.72209,2019-02-14 11:05:00
"447",-705,"RLA496830S",0.647,4.131375,-0.574575,2019-02-14 11:05:00
"448",-243,"RLA496830S",0.647,4.1391875,-0.198045,2019-02-14 11:05:00
"449",-239,"RLA496830S",0.647,4.147,-0.194785,2019-02-14 11:05:00
"450",-378,"RLA496830S",0.647,4.1548125,-0.30807,2019-02-14 11:05:00
"451",-383,"RLA496830S",0.647,4.162625,-0.312145,2019-02-14 11:05:00
"452",-357,"RLA496830S",0.647,4.1704375,-0.290955,2019-02-14 11:05:00
"453",-382,"RLA496830S",0.647,4.17825,-0.31133,2019-02-14 11:05:00
"454",-379,"RLA496830S",0.647,4.1860625,-0.308885,2019-02-14 11:05:00
"455",-369,"RLA496830S",0.647,4.193875,-0.300735,2019-02-14 11:05:00
"456",-396,"RLA496830S",0.647,4.2016875,-0.32274,2019-02-14 11:05:00
"457",-401,"RLA496830S",0.647,4.2095,-0.326815,2019-02-14 11:05:00
"458",-415,"RLA496830S",0.647,4.2173125,-0.338225,2019-02-14 11:05:00
"459",-421,"RLA496830S",0.647,4.225125,-0.343115,2019-02-14 11:05:00
"460",-431,"RLA496830S",0.647,4.2329375,-0.351265,2019-02-14 11:05:00
"461",-455,"RLA496830S",0.647,4.24075,-0.370825,2019-02-14 11:05:00
"462",-452,"RLA496830S",0.647,4.2485625,-0.36838,2019-02-14 11:05:00
"463",-470,"RLA496830S",0.647,4.256375,-0.38305,2019-02-14 11:05:00
"464",-497,"RLA496830S",0.647,4.2641875,-0.405055,2019-02-14 11:05:00
"465",-519,"RLA496830S",0.647,4.272,-0.422985,2019-02-14 11:05:00
"466",-544,"RLA496830S",0.647,4.2798125,-0.44336,2019-02-14 11:05:00
"467",-518,"RLA496830S",0.647,4.287625,-0.42217,2019-02-14 11:05:00
"468",-453,"RLA496830S",0.647,4.2954375,-0.369195,2019-02-14 11:05:00
"469",-393,"RLA496830S",0.647,4.30325,-0.320295,2019-02-14 11:05:00
"470",-368,"RLA496830S",0.647,4.3110625,-0.29992,2019-02-14 11:05:00
"471",-372,"RLA496830S",0.647,4.318875,-0.30318,2019-02-14 11:05:00
"472",-369,"RLA496830S",0.647,4.3266875,-0.300735,2019-02-14 11:05:00
"473",-372,"RLA496830S",0.647,4.3345,-0.30318,2019-02-14 11:05:00
"474",-374,"RLA496830S",0.647,4.3423125,-0.30481,2019-02-14 11:05:00
"475",-369,"RLA496830S",0.647,4.350125,-0.300735,2019-02-14 11:05:00
"476",-372,"RLA496830S",0.647,4.3579375,-0.30318,2019-02-14 11:05:00
"477",-374,"RLA496830S",0.647,4.36575,-0.30481,2019-02-14 11:05:00
"478",-375,"RLA496830S",0.647,4.3735625,-0.305625,2019-02-14 11:05:00
"479",-380,"RLA496830S",0.647,4.381375,-0.3097,2019-02-14 11:05:00
"480",-381,"RLA496830S",0.647,4.3891875,-0.310515,2019-02-14 11:05:00
"481",-385,"RLA496830S",0.647,4.397,-0.313775,2019-02-14 11:05:00
"482",-394,"RLA496830S",0.647,4.4048125,-0.32111,2019-02-14 11:05:00
"483",-400,"RLA496830S",0.647,4.412625,-0.326,2019-02-14 11:05:00
"484",-402,"RLA496830S",0.647,4.4204375,-0.32763,2019-02-14 11:05:00
"485",-406,"RLA496830S",0.647,4.42825,-0.33089,2019-02-14 11:05:00
"486",-435,"RLA496830S",0.647,4.4360625,-0.354525,2019-02-14 11:05:00
"487",-464,"RLA496830S",0.647,4.443875,-0.37816,2019-02-14 11:05:00
"488",-422,"RLA496830S",0.647,4.4516875,-0.34393,2019-02-14 11:05:00
"489",-383,"RLA496830S",0.647,4.4595,-0.312145,2019-02-14 11:05:00
"490",-376,"RLA496830S",0.647,4.4673125,-0.30644,2019-02-14 11:05:00
"491",-378,"RLA496830S",0.647,4.475125,-0.30807,2019-02-14 11:05:00
"492",-375,"RLA496830S",0.647,4.4829375,-0.305625,2019-02-14 11:05:00
"493",-373,"RLA496830S",0.647,4.49075,-0.303995,2019-02-14 11:05:00
"494",-372,"RLA496830S",0.647,4.4985625,-0.30318,2019-02-14 11:05:00
"495",-372,"RLA496830S",0.647,4.506375,-0.30318,2019-02-14 11:05:00
"496",-367,"RLA496830S",0.647,4.5141875,-0.299105,2019-02-14 11:05:00
"497",-386,"RLA496830S",0.647,4.522,-0.31459,2019-02-14 11:05:00
"498",-517,"RLA496830S",0.647,4.5298125,-0.421355,2019-02-14 11:05:00
"499",-800,"RLA496830S",0.647,4.537625,-0.652,2019-02-14 11:05:00
"500",-915,"RLA496830S",0.647,4.5454375,-0.745725,2019-02-14 11:05:00
"501",-536,"RLA496830S",0.647,4.55325,-0.43684,2019-02-14 11:05:00
"502",-180,"RLA496830S",0.647,4.5610625,-0.1467,2019-02-14 11:05:00
"503",-270,"RLA496830S",0.647,4.568875,-0.22005,2019-02-14 11:05:00
"504",-434,"RLA496830S",0.647,4.5766875,-0.35371,2019-02-14 11:05:00
"505",-382,"RLA496830S",0.647,4.5845,-0.31133,2019-02-14 11:05:00
"506",-365,"RLA496830S",0.647,4.5923125,-0.297475,2019-02-14 11:05:00
"507",-385,"RLA496830S",0.647,4.600125,-0.313775,2019-02-14 11:05:00
"508",-377,"RLA496830S",0.647,4.6079375,-0.307255,2019-02-14 11:05:00
"509",-399,"RLA496830S",0.647,4.61575,-0.325185,2019-02-14 11:05:00
"510",-415,"RLA496830S",0.647,4.6235625,-0.338225,2019-02-14 11:05:00
"511",-390,"RLA496830S",0.647,4.631375,-0.31785,2019-02-14 11:05:00
"512",-408,"RLA496830S",0.647,4.6391875,-0.33252,2019-02-14 11:05:00
"513",-419,"RLA496830S",0.647,4.647,-0.341485,2019-02-14 11:05:00
"514",-435,"RLA496830S",0.647,4.6548125,-0.354525,2019-02-14 11:05:00
"515",-449,"RLA496830S",0.647,4.662625,-0.365935,2019-02-14 11:05:00
"516",-460,"RLA496830S",0.647,4.6704375,-0.3749,2019-02-14 11:05:00
"517",-485,"RLA496830S",0.647,4.67825,-0.395275,2019-02-14 11:05:00
"518",-500,"RLA496830S",0.647,4.6860625,-0.4075,2019-02-14 11:05:00
"519",-529,"RLA496830S",0.647,4.693875,-0.431135,2019-02-14 11:05:00
"520",-550,"RLA496830S",0.647,4.7016875,-0.44825,2019-02-14 11:05:00
"521",-500,"RLA496830S",0.647,4.7095,-0.4075,2019-02-14 11:05:00
"522",-429,"RLA496830S",0.647,4.7173125,-0.349635,2019-02-14 11:05:00
"523",-381,"RLA496830S",0.647,4.725125,-0.310515,2019-02-14 11:05:00
"524",-369,"RLA496830S",0.647,4.7329375,-0.300735,2019-02-14 11:05:00
"525",-375,"RLA496830S",0.647,4.74075,-0.305625,2019-02-14 11:05:00
"526",-375,"RLA496830S",0.647,4.7485625,-0.305625,2019-02-14 11:05:00
"527",-377,"RLA496830S",0.647,4.756375,-0.307255,2019-02-14 11:05:00
"528",-375,"RLA496830S",0.647,4.7641875,-0.305625,2019-02-14 11:05:00
"529",-377,"RLA496830S",0.647,4.772,-0.307255,2019-02-14 11:05:00
"530",-384,"RLA496830S",0.647,4.7798125,-0.31296,2019-02-14 11:05:00
"531",-377,"RLA496830S",0.647,4.787625,-0.307255,2019-02-14 11:05:00
"532",-375,"RLA496830S",0.647,4.7954375,-0.305625,2019-02-14 11:05:00
"533",-382,"RLA496830S",0.647,4.80325,-0.31133,2019-02-14 11:05:00
"534",-384,"RLA496830S",0.647,4.8110625,-0.31296,2019-02-14 11:05:00
"535",-383,"RLA496830S",0.647,4.818875,-0.312145,2019-02-14 11:05:00
"536",-383,"RLA496830S",0.647,4.8266875,-0.312145,2019-02-14 11:05:00
"537",-382,"RLA496830S",0.647,4.8345,-0.31133,2019-02-14 11:05:00
"538",-385,"RLA496830S",0.647,4.8423125,-0.313775,2019-02-14 11:05:00
"539",-390,"RLA496830S",0.647,4.850125,-0.31785,2019-02-14 11:05:00
"540",-393,"RLA496830S",0.647,4.8579375,-0.320295,2019-02-14 11:05:00
"541",-396,"RLA496830S",0.647,4.86575,-0.32274,2019-02-14 11:05:00
"542",-401,"RLA496830S",0.647,4.8735625,-0.326815,2019-02-14 11:05:00
"543",-402,"RLA496830S",0.647,4.881375,-0.32763,2019-02-14 11:05:00
"544",-418,"RLA496830S",0.647,4.8891875,-0.34067,2019-02-14 11:05:00
"545",-445,"RLA496830S",0.647,4.897,-0.362675,2019-02-14 11:05:00
"546",-453,"RLA496830S",0.647,4.9048125,-0.369195,2019-02-14 11:05:00
"547",-417,"RLA496830S",0.647,4.912625,-0.339855,2019-02-14 11:05:00
"548",-380,"RLA496830S",0.647,4.9204375,-0.3097,2019-02-14 11:05:00
"549",-380,"RLA496830S",0.647,4.92825,-0.3097,2019-02-14 11:05:00
"550",-379,"RLA496830S",0.647,4.9360625,-0.308885,2019-02-14 11:05:00
"551",-369,"RLA496830S",0.647,4.943875,-0.300735,2019-02-14 11:05:00
"552",-371,"RLA496830S",0.647,4.9516875,-0.302365,2019-02-14 11:05:00
"553",-376,"RLA496830S",0.647,4.9595,-0.30644,2019-02-14 11:05:00
"554",-377,"RLA496830S",0.647,4.9673125,-0.307255,2019-02-14 11:05:00
"555",-366,"RLA496830S",0.647,4.975125,-0.29829,2019-02-14 11:05:00
"556",-390,"RLA496830S",0.647,4.9829375,-0.31785,2019-02-14 11:05:00
"557",-564,"RLA496830S",0.647,4.99075,-0.45966,2019-02-14 11:05:00
"558",-879,"RLA496830S",0.647,4.9985625,-0.716385,2019-02-14 11:05:00
"559",-1006,"RLA496830S",0.647,5.006375,-0.81989,2019-02-14 11:05:00
"560",-416,"RLA496830S",0.647,5.0141875,-0.33904,2019-02-14 11:05:00
"561",-98,"RLA496830S",0.647,5.022,-0.07987,2019-02-14 11:05:00
"562",-275,"RLA496830S",0.647,5.0298125,-0.224125,2019-02-14 11:05:00
"563",-435,"RLA496830S",0.647,5.037625,-0.354525,2019-02-14 11:05:00
"564",-382,"RLA496830S",0.647,5.0454375,-0.31133,2019-02-14 11:05:00
"565",-363,"RLA496830S",0.647,5.05325,-0.295845,2019-02-14 11:05:00
"566",-393,"RLA496830S",0.647,5.0610625,-0.320295,2019-02-14 11:05:00
"567",-376,"RLA496830S",0.647,5.068875,-0.30644,2019-02-14 11:05:00
"568",-406,"RLA496830S",0.647,5.0766875,-0.33089,2019-02-14 11:05:00
"569",-420,"RLA496830S",0.647,5.0845,-0.3423,2019-02-14 11:05:00
"570",-391,"RLA496830S",0.647,5.0923125,-0.318665,2019-02-14 11:05:00
"571",-404,"RLA496830S",0.647,5.100125,-0.32926,2019-02-14 11:05:00
"572",-421,"RLA496830S",0.647,5.1079375,-0.343115,2019-02-14 11:05:00
"573",-435,"RLA496830S",0.647,5.11575,-0.354525,2019-02-14 11:05:00
"574",-449,"RLA496830S",0.647,5.1235625,-0.365935,2019-02-14 11:05:00
"575",-466,"RLA496830S",0.647,5.131375,-0.37979,2019-02-14 11:05:00
"576",-503,"RLA496830S",0.647,5.1391875,-0.409945,2019-02-14 11:05:00
"577",-506,"RLA496830S",0.647,5.147,-0.41239,2019-02-14 11:05:00
"578",-538,"RLA496830S",0.647,5.1548125,-0.43847,2019-02-14 11:05:00
"579",-567,"RLA496830S",0.647,5.162625,-0.462105,2019-02-14 11:05:00
"580",-525,"RLA496830S",0.647,5.1704375,-0.427875,2019-02-14 11:05:00
"581",-439,"RLA496830S",0.647,5.17825,-0.357785,2019-02-14 11:05:00
"582",-375,"RLA496830S",0.647,5.1860625,-0.305625,2019-02-14 11:05:00
"583",-366,"RLA496830S",0.647,5.193875,-0.29829,2019-02-14 11:05:00
"584",-374,"RLA496830S",0.647,5.2016875,-0.30481,2019-02-14 11:05:00
"585",-357,"RLA496830S",0.647,5.2095,-0.290955,2019-02-14 11:05:00
"586",-353,"RLA496830S",0.647,5.2173125,-0.287695,2019-02-14 11:05:00
"587",-359,"RLA496830S",0.647,5.225125,-0.292585,2019-02-14 11:05:00
"588",-363,"RLA496830S",0.647,5.2329375,-0.295845,2019-02-14 11:05:00
"589",-362,"RLA496830S",0.647,5.24075,-0.29503,2019-02-14 11:05:00
"590",-363,"RLA496830S",0.647,5.2485625,-0.295845,2019-02-14 11:05:00
"591",-367,"RLA496830S",0.647,5.256375,-0.299105,2019-02-14 11:05:00
"592",-360,"RLA496830S",0.647,5.2641875,-0.2934,2019-02-14 11:05:00
"593",-362,"RLA496830S",0.647,5.272,-0.29503,2019-02-14 11:05:00
"594",-373,"RLA496830S",0.647,5.2798125,-0.303995,2019-02-14 11:05:00
"595",-373,"RLA496830S",0.647,5.287625,-0.303995,2019-02-14 11:05:00
"596",-370,"RLA496830S",0.647,5.2954375,-0.30155,2019-02-14 11:05:00
"597",-367,"RLA496830S",0.647,5.30325,-0.299105,2019-02-14 11:05:00
"598",-367,"RLA496830S",0.647,5.3110625,-0.299105,2019-02-14 11:05:00
"599",-369,"RLA496830S",0.647,5.318875,-0.300735,2019-02-14 11:05:00
"600",-365,"RLA496830S",0.647,5.3266875,-0.297475,2019-02-14 11:05:00
"601",-370,"RLA496830S",0.647,5.3345,-0.30155,2019-02-14 11:05:00
"602",-371,"RLA496830S",0.647,5.3423125,-0.302365,2019-02-14 11:05:00
"603",-365,"RLA496830S",0.647,5.350125,-0.297475,2019-02-14 11:05:00
"604",-363,"RLA496830S",0.647,5.3579375,-0.295845,2019-02-14 11:05:00
"605",-362,"RLA496830S",0.647,5.36575,-0.29503,2019-02-14 11:05:00
"606",-362,"RLA496830S",0.647,5.3735625,-0.29503,2019-02-14 11:05:00
"607",-373,"RLA496830S",0.647,5.381375,-0.303995,2019-02-14 11:05:00
"608",-385,"RLA496830S",0.647,5.3891875,-0.313775,2019-02-14 11:05:00
"609",-381,"RLA496830S",0.647,5.397,-0.310515,2019-02-14 11:05:00
"610",-394,"RLA496830S",0.647,5.4048125,-0.32111,2019-02-14 11:05:00
"611",-428,"RLA496830S",0.647,5.412625,-0.34882,2019-02-14 11:05:00
"612",-436,"RLA496830S",0.647,5.4204375,-0.35534,2019-02-14 11:05:00
"613",-394,"RLA496830S",0.647,5.42825,-0.32111,2019-02-14 11:05:00
"614",-360,"RLA496830S",0.647,5.4360625,-0.2934,2019-02-14 11:05:00
"615",-367,"RLA496830S",0.647,5.443875,-0.299105,2019-02-14 11:05:00
"616",-362,"RLA496830S",0.647,5.4516875,-0.29503,2019-02-14 11:05:00
"617",-356,"RLA496830S",0.647,5.4595,-0.29014,2019-02-14 11:05:00
"618",-363,"RLA496830S",0.647,5.4673125,-0.295845,2019-02-14 11:05:00
"619",-362,"RLA496830S",0.647,5.475125,-0.29503,2019-02-14 11:05:00
"620",-356,"RLA496830S",0.647,5.4829375,-0.29014,2019-02-14 11:05:00
"621",-353,"RLA496830S",0.647,5.49075,-0.287695,2019-02-14 11:05:00
"622",-357,"RLA496830S",0.647,5.4985625,-0.290955,2019-02-14 11:05:00
"623",-409,"RLA496830S",0.647,5.506375,-0.333335,2019-02-14 11:05:00
"624",-663,"RLA496830S",0.647,5.5141875,-0.540345,2019-02-14 11:05:00
"625",-986,"RLA496830S",0.647,5.522,-0.80359,2019-02-14 11:05:00
"626",-979,"RLA496830S",0.647,5.5298125,-0.797885,2019-02-14 11:05:00
"627",-401,"RLA496830S",0.647,5.537625,-0.326815,2019-02-14 11:05:00
"628",-99,"RLA496830S",0.647,5.5454375,-0.080685,2019-02-14 11:05:00
"629",-318,"RLA496830S",0.647,5.55325,-0.25917,2019-02-14 11:05:00
"630",-390,"RLA496830S",0.647,5.5610625,-0.31785,2019-02-14 11:05:00
"631",-317,"RLA496830S",0.647,5.568875,-0.258355,2019-02-14 11:05:00
"632",-360,"RLA496830S",0.647,5.5766875,-0.2934,2019-02-14 11:05:00
"633",-378,"RLA496830S",0.647,5.5845,-0.30807,2019-02-14 11:05:00
"634",-369,"RLA496830S",0.647,5.5923125,-0.300735,2019-02-14 11:05:00
"635",-391,"RLA496830S",0.647,5.600125,-0.318665,2019-02-14 11:05:00
"636",-391,"RLA496830S",0.647,5.6079375,-0.318665,2019-02-14 11:05:00
"637",-405,"RLA496830S",0.647,5.61575,-0.330075,2019-02-14 11:05:00
"638",-427,"RLA496830S",0.647,5.6235625,-0.348005,2019-02-14 11:05:00
"639",-400,"RLA496830S",0.647,5.631375,-0.326,2019-02-14 11:05:00
"640",-422,"RLA496830S",0.647,5.6391875,-0.34393,2019-02-14 11:05:00
"641",-446,"RLA496830S",0.647,5.647,-0.36349,2019-02-14 11:05:00
"642",-473,"RLA496830S",0.647,5.6548125,-0.385495,2019-02-14 11:05:00
"643",-504,"RLA496830S",0.647,5.662625,-0.41076,2019-02-14 11:05:00
"644",-519,"RLA496830S",0.647,5.6704375,-0.422985,2019-02-14 11:05:00
"645",-555,"RLA496830S",0.647,5.67825,-0.452325,2019-02-14 11:05:00
"646",-578,"RLA496830S",0.647,5.6860625,-0.47107,2019-02-14 11:05:00
"647",-541,"RLA496830S",0.647,5.693875,-0.440915,2019-02-14 11:05:00
"648",-448,"RLA496830S",0.647,5.7016875,-0.36512,2019-02-14 11:05:00
"649",-386,"RLA496830S",0.647,5.7095,-0.31459,2019-02-14 11:05:00
"650",-364,"RLA496830S",0.647,5.7173125,-0.29666,2019-02-14 11:05:00
"651",-356,"RLA496830S",0.647,5.725125,-0.29014,2019-02-14 11:05:00
"652",-348,"RLA496830S",0.647,5.7329375,-0.28362,2019-02-14 11:05:00
"653",-353,"RLA496830S",0.647,5.74075,-0.287695,2019-02-14 11:05:00
"654",-357,"RLA496830S",0.647,5.7485625,-0.290955,2019-02-14 11:05:00
"655",-363,"RLA496830S",0.647,5.756375,-0.295845,2019-02-14 11:05:00
"656",-361,"RLA496830S",0.647,5.7641875,-0.294215,2019-02-14 11:05:00
"657",-358,"RLA496830S",0.647,5.772,-0.29177,2019-02-14 11:05:00
"658",-359,"RLA496830S",0.647,5.7798125,-0.292585,2019-02-14 11:05:00
"659",-360,"RLA496830S",0.647,5.787625,-0.2934,2019-02-14 11:05:00
"660",-365,"RLA496830S",0.647,5.7954375,-0.297475,2019-02-14 11:05:00
"661",-365,"RLA496830S",0.647,5.80325,-0.297475,2019-02-14 11:05:00
"662",-365,"RLA496830S",0.647,5.8110625,-0.297475,2019-02-14 11:05:00
"663",-372,"RLA496830S",0.647,5.818875,-0.30318,2019-02-14 11:05:00
"664",-372,"RLA496830S",0.647,5.8266875,-0.30318,2019-02-14 11:05:00
"665",-373,"RLA496830S",0.647,5.8345,-0.303995,2019-02-14 11:05:00
"666",-375,"RLA496830S",0.647,5.8423125,-0.305625,2019-02-14 11:05:00
"667",-373,"RLA496830S",0.647,5.850125,-0.303995,2019-02-14 11:05:00
"668",-372,"RLA496830S",0.647,5.8579375,-0.30318,2019-02-14 11:05:00
"669",-371,"RLA496830S",0.647,5.86575,-0.302365,2019-02-14 11:05:00
"670",-372,"RLA496830S",0.647,5.8735625,-0.30318,2019-02-14 11:05:00
"671",-369,"RLA496830S",0.647,5.881375,-0.300735,2019-02-14 11:05:00
"672",-365,"RLA496830S",0.647,5.8891875,-0.297475,2019-02-14 11:05:00
"673",-370,"RLA496830S",0.647,5.897,-0.30155,2019-02-14 11:05:00
"674",-372,"RLA496830S",0.647,5.9048125,-0.30318,2019-02-14 11:05:00
"675",-369,"RLA496830S",0.647,5.912625,-0.300735,2019-02-14 11:05:00
"676",-374,"RLA496830S",0.647,5.9204375,-0.30481,2019-02-14 11:05:00
"677",-377,"RLA496830S",0.647,5.92825,-0.307255,2019-02-14 11:05:00
"678",-367,"RLA496830S",0.647,5.9360625,-0.299105,2019-02-14 11:05:00
"679",-361,"RLA496830S",0.647,5.943875,-0.294215,2019-02-14 11:05:00
"680",-372,"RLA496830S",0.647,5.9516875,-0.30318,2019-02-14 11:05:00
"681",-378,"RLA496830S",0.647,5.9595,-0.30807,2019-02-14 11:05:00
"682",-382,"RLA496830S",0.647,5.9673125,-0.31133,2019-02-14 11:05:00
"683",-384,"RLA496830S",0.647,5.975125,-0.31296,2019-02-14 11:05:00
"684",-382,"RLA496830S",0.647,5.9829375,-0.31133,2019-02-14 11:05:00
"685",-385,"RLA496830S",0.647,5.99075,-0.313775,2019-02-14 11:05:00
"686",-409,"RLA496830S",0.647,5.9985625,-0.333335,2019-02-14 11:05:00
"687",-433,"RLA496830S",0.647,6.006375,-0.352895,2019-02-14 11:05:00
"688",-397,"RLA496830S",0.647,6.0141875,-0.323555,2019-02-14 11:05:00
"689",-367,"RLA496830S",0.647,6.022,-0.299105,2019-02-14 11:05:00
"690",-368,"RLA496830S",0.647,6.0298125,-0.29992,2019-02-14 11:05:00
"691",-368,"RLA496830S",0.647,6.037625,-0.29992,2019-02-14 11:05:00
"692",-364,"RLA496830S",0.647,6.0454375,-0.29666,2019-02-14 11:05:00
"693",-364,"RLA496830S",0.647,6.05325,-0.29666,2019-02-14 11:05:00
"694",-361,"RLA496830S",0.647,6.0610625,-0.294215,2019-02-14 11:05:00
"695",-360,"RLA496830S",0.647,6.068875,-0.2934,2019-02-14 11:05:00
"696",-368,"RLA496830S",0.647,6.0766875,-0.29992,2019-02-14 11:05:00
"697",-367,"RLA496830S",0.647,6.0845,-0.299105,2019-02-14 11:05:00
"698",-363,"RLA496830S",0.647,6.0923125,-0.295845,2019-02-14 11:05:00
"699",-357,"RLA496830S",0.647,6.100125,-0.290955,2019-02-14 11:05:00
"700",-377,"RLA496830S",0.647,6.1079375,-0.307255,2019-02-14 11:05:00
"701",-543,"RLA496830S",0.647,6.11575,-0.442545,2019-02-14 11:05:00
"702",-877,"RLA496830S",0.647,6.1235625,-0.714755,2019-02-14 11:05:00
"703",-1019,"RLA496830S",0.647,6.131375,-0.830485,2019-02-14 11:05:00
"704",-374,"RLA496830S",0.647,6.1391875,-0.30481,2019-02-14 11:05:00
"705",-42,"RLA496830S",0.647,6.147,-0.03423,2019-02-14 11:05:00
"706",-266,"RLA496830S",0.647,6.1548125,-0.21679,2019-02-14 11:05:00
"707",-452,"RLA496830S",0.647,6.162625,-0.36838,2019-02-14 11:05:00
"708",-391,"RLA496830S",0.647,6.1704375,-0.318665,2019-02-14 11:05:00
"709",-366,"RLA496830S",0.647,6.17825,-0.29829,2019-02-14 11:05:00
"710",-388,"RLA496830S",0.647,6.1860625,-0.31622,2019-02-14 11:05:00
"711",-372,"RLA496830S",0.647,6.193875,-0.30318,2019-02-14 11:05:00
"712",-408,"RLA496830S",0.647,6.2016875,-0.33252,2019-02-14 11:05:00
"713",-423,"RLA496830S",0.647,6.2095,-0.344745,2019-02-14 11:05:00
"714",-395,"RLA496830S",0.647,6.2173125,-0.321925,2019-02-14 11:05:00
"715",-400,"RLA496830S",0.647,6.225125,-0.326,2019-02-14 11:05:00
"716",-412,"RLA496830S",0.647,6.2329375,-0.33578,2019-02-14 11:05:00
"717",-442,"RLA496830S",0.647,6.24075,-0.36023,2019-02-14 11:05:00
"718",-459,"RLA496830S",0.647,6.2485625,-0.374085,2019-02-14 11:05:00
"719",-443,"RLA496830S",0.647,6.256375,-0.361045,2019-02-14 11:05:00
"720",-484,"RLA496830S",0.647,6.2641875,-0.39446,2019-02-14 11:05:00
"721",-524,"RLA496830S",0.647,6.272,-0.42706,2019-02-14 11:05:00
"722",-560,"RLA496830S",0.647,6.2798125,-0.4564,2019-02-14 11:05:00
"723",-587,"RLA496830S",0.647,6.287625,-0.478405,2019-02-14 11:05:00
"724",-588,"RLA496830S",0.647,6.2954375,-0.47922,2019-02-14 11:05:00
"725",-525,"RLA496830S",0.647,6.30325,-0.427875,2019-02-14 11:05:00
"726",-416,"RLA496830S",0.647,6.3110625,-0.33904,2019-02-14 11:05:00
"727",-365,"RLA496830S",0.647,6.318875,-0.297475,2019-02-14 11:05:00
"728",-376,"RLA496830S",0.647,6.3266875,-0.30644,2019-02-14 11:05:00
"729",-363,"RLA496830S",0.647,6.3345,-0.295845,2019-02-14 11:05:00
"730",-355,"RLA496830S",0.647,6.3423125,-0.289325,2019-02-14 11:05:00
"731",-354,"RLA496830S",0.647,6.350125,-0.28851,2019-02-14 11:05:00
"732",-353,"RLA496830S",0.647,6.3579375,-0.287695,2019-02-14 11:05:00
"733",-359,"RLA496830S",0.647,6.36575,-0.292585,2019-02-14 11:05:00
"734",-359,"RLA496830S",0.647,6.3735625,-0.292585,2019-02-14 11:05:00
"735",-359,"RLA496830S",0.647,6.381375,-0.292585,2019-02-14 11:05:00
"736",-362,"RLA496830S",0.647,6.3891875,-0.29503,2019-02-14 11:05:00
"737",-363,"RLA496830S",0.647,6.397,-0.295845,2019-02-14 11:05:00
"738",-368,"RLA496830S",0.647,6.4048125,-0.29992,2019-02-14 11:05:00
"739",-368,"RLA496830S",0.647,6.412625,-0.29992,2019-02-14 11:05:00
"740",-368,"RLA496830S",0.647,6.4204375,-0.29992,2019-02-14 11:05:00
"741",-371,"RLA496830S",0.647,6.42825,-0.302365,2019-02-14 11:05:00
"742",-370,"RLA496830S",0.647,6.4360625,-0.30155,2019-02-14 11:05:00
"743",-375,"RLA496830S",0.647,6.443875,-0.305625,2019-02-14 11:05:00
"744",-374,"RLA496830S",0.647,6.4516875,-0.30481,2019-02-14 11:05:00
"745",-369,"RLA496830S",0.647,6.4595,-0.300735,2019-02-14 11:05:00
"746",-373,"RLA496830S",0.647,6.4673125,-0.303995,2019-02-14 11:05:00
"747",-374,"RLA496830S",0.647,6.475125,-0.30481,2019-02-14 11:05:00
"748",-370,"RLA496830S",0.647,6.4829375,-0.30155,2019-02-14 11:05:00
"749",-371,"RLA496830S",0.647,6.49075,-0.302365,2019-02-14 11:05:00
"750",-372,"RLA496830S",0.647,6.4985625,-0.30318,2019-02-14 11:05:00
"751",-369,"RLA496830S",0.647,6.506375,-0.300735,2019-02-14 11:05:00
"752",-369,"RLA496830S",0.647,6.5141875,-0.300735,2019-02-14 11:05:00
"753",-369,"RLA496830S",0.647,6.522,-0.300735,2019-02-14 11:05:00
"754",-368,"RLA496830S",0.647,6.5298125,-0.29992,2019-02-14 11:05:00
"755",-373,"RLA496830S",0.647,6.537625,-0.303995,2019-02-14 11:05:00
"756",-377,"RLA496830S",0.647,6.5454375,-0.307255,2019-02-14 11:05:00
"757",-372,"RLA496830S",0.647,6.55325,-0.30318,2019-02-14 11:05:00
"758",-369,"RLA496830S",0.647,6.5610625,-0.300735,2019-02-14 11:05:00
"759",-373,"RLA496830S",0.647,6.568875,-0.303995,2019-02-14 11:05:00
"760",-372,"RLA496830S",0.647,6.5766875,-0.30318,2019-02-14 11:05:00
"761",-370,"RLA496830S",0.647,6.5845,-0.30155,2019-02-14 11:05:00
"762",-374,"RLA496830S",0.647,6.5923125,-0.30481,2019-02-14 11:05:00
"763",-378,"RLA496830S",0.647,6.600125,-0.30807,2019-02-14 11:05:00
"764",-376,"RLA496830S",0.647,6.6079375,-0.30644,2019-02-14 11:05:00
"765",-378,"RLA496830S",0.647,6.61575,-0.30807,2019-02-14 11:05:00
"766",-388,"RLA496830S",0.647,6.6235625,-0.31622,2019-02-14 11:05:00
"767",-391,"RLA496830S",0.647,6.631375,-0.318665,2019-02-14 11:05:00
"768",-388,"RLA496830S",0.647,6.6391875,-0.31622,2019-02-14 11:05:00
"769",-407,"RLA496830S",0.647,6.647,-0.331705,2019-02-14 11:05:00
"770",-432,"RLA496830S",0.647,6.6548125,-0.35208,2019-02-14 11:05:00
"771",-436,"RLA496830S",0.647,6.662625,-0.35534,2019-02-14 11:05:00
"772",-398,"RLA496830S",0.647,6.6704375,-0.32437,2019-02-14 11:05:00
"773",-364,"RLA496830S",0.647,6.67825,-0.29666,2019-02-14 11:05:00
"774",-367,"RLA496830S",0.647,6.6860625,-0.299105,2019-02-14 11:05:00
"775",-370,"RLA496830S",0.647,6.693875,-0.30155,2019-02-14 11:05:00
"776",-363,"RLA496830S",0.647,6.7016875,-0.295845,2019-02-14 11:05:00
"777",-364,"RLA496830S",0.647,6.7095,-0.29666,2019-02-14 11:05:00
"778",-361,"RLA496830S",0.647,6.7173125,-0.294215,2019-02-14 11:05:00
"779",-363,"RLA496830S",0.647,6.725125,-0.295845,2019-02-14 11:05:00
"780",-369,"RLA496830S",0.647,6.7329375,-0.300735,2019-02-14 11:05:00
"781",-371,"RLA496830S",0.647,6.74075,-0.302365,2019-02-14 11:05:00
"782",-366,"RLA496830S",0.647,6.7485625,-0.29829,2019-02-14 11:05:00
"783",-366,"RLA496830S",0.647,6.756375,-0.29829,2019-02-14 11:05:00
"784",-371,"RLA496830S",0.647,6.7641875,-0.302365,2019-02-14 11:05:00
"785",-400,"RLA496830S",0.647,6.772,-0.326,2019-02-14 11:05:00
"786",-565,"RLA496830S",0.647,6.7798125,-0.460475,2019-02-14 11:05:00
"787",-893,"RLA496830S",0.647,6.787625,-0.727795,2019-02-14 11:05:00
"788",-964,"RLA496830S",0.647,6.7954375,-0.78566,2019-02-14 11:05:00
"789",-443,"RLA496830S",0.647,6.80325,-0.361045,2019-02-14 11:05:00
"790",-61,"RLA496830S",0.647,6.8110625,-0.049715,2019-02-14 11:05:00
"791",-268,"RLA496830S",0.647,6.818875,-0.21842,2019-02-14 11:05:00
"792",-478,"RLA496830S",0.647,6.8266875,-0.38957,2019-02-14 11:05:00
"793",-391,"RLA496830S",0.647,6.8345,-0.318665,2019-02-14 11:05:00
"794",-373,"RLA496830S",0.647,6.8423125,-0.303995,2019-02-14 11:05:00
"795",-393,"RLA496830S",0.647,6.850125,-0.320295,2019-02-14 11:05:00
"796",-374,"RLA496830S",0.647,6.8579375,-0.30481,2019-02-14 11:05:00
"797",-406,"RLA496830S",0.647,6.86575,-0.33089,2019-02-14 11:05:00
"798",-432,"RLA496830S",0.647,6.8735625,-0.35208,2019-02-14 11:05:00
"799",-390,"RLA496830S",0.647,6.881375,-0.31785,2019-02-14 11:05:00
"800",-411,"RLA496830S",0.647,6.8891875,-0.334965,2019-02-14 11:05:00
"801",-433,"RLA496830S",0.647,6.897,-0.352895,2019-02-14 11:05:00
"802",-449,"RLA496830S",0.647,6.9048125,-0.365935,2019-02-14 11:05:00
"803",-463,"RLA496830S",0.647,6.912625,-0.377345,2019-02-14 11:05:00
"804",-476,"RLA496830S",0.647,6.9204375,-0.38794,2019-02-14 11:05:00
"805",-506,"RLA496830S",0.647,6.92825,-0.41239,2019-02-14 11:05:00
"806",-527,"RLA496830S",0.647,6.9360625,-0.429505,2019-02-14 11:05:00
"807",-553,"RLA496830S",0.647,6.943875,-0.450695,2019-02-14 11:05:00
"808",-594,"RLA496830S",0.647,6.9516875,-0.48411,2019-02-14 11:05:00
"809",-600,"RLA496830S",0.647,6.9595,-0.489,2019-02-14 11:05:00
"810",-538,"RLA496830S",0.647,6.9673125,-0.43847,2019-02-14 11:05:00
"811",-434,"RLA496830S",0.647,6.975125,-0.35371,2019-02-14 11:05:00
"812",-378,"RLA496830S",0.647,6.9829375,-0.30807,2019-02-14 11:05:00
"813",-375,"RLA496830S",0.647,6.99075,-0.305625,2019-02-14 11:05:00
"814",-368,"RLA496830S",0.647,6.9985625,-0.29992,2019-02-14 11:05:00
"815",-364,"RLA496830S",0.647,7.006375,-0.29666,2019-02-14 11:05:00
"816",-357,"RLA496830S",0.647,7.0141875,-0.290955,2019-02-14 11:05:00
"817",-355,"RLA496830S",0.647,7.022,-0.289325,2019-02-14 11:05:00
"818",-360,"RLA496830S",0.647,7.0298125,-0.2934,2019-02-14 11:05:00
"819",-357,"RLA496830S",0.647,7.037625,-0.290955,2019-02-14 11:05:00
"820",-360,"RLA496830S",0.647,7.0454375,-0.2934,2019-02-14 11:05:00
"821",-366,"RLA496830S",0.647,7.05325,-0.29829,2019-02-14 11:05:00
"822",-364,"RLA496830S",0.647,7.0610625,-0.29666,2019-02-14 11:05:00
"823",-363,"RLA496830S",0.647,7.068875,-0.295845,2019-02-14 11:05:00
"824",-370,"RLA496830S",0.647,7.0766875,-0.30155,2019-02-14 11:05:00
"825",-374,"RLA496830S",0.647,7.0845,-0.30481,2019-02-14 11:05:00
"826",-373,"RLA496830S",0.647,7.0923125,-0.303995,2019-02-14 11:05:00
"827",-373,"RLA496830S",0.647,7.100125,-0.303995,2019-02-14 11:05:00
"828",-376,"RLA496830S",0.647,7.1079375,-0.30644,2019-02-14 11:05:00
"829",-375,"RLA496830S",0.647,7.11575,-0.305625,2019-02-14 11:05:00
"830",-373,"RLA496830S",0.647,7.1235625,-0.303995,2019-02-14 11:05:00
"831",-372,"RLA496830S",0.647,7.131375,-0.30318,2019-02-14 11:05:00
"832",-373,"RLA496830S",0.647,7.1391875,-0.303995,2019-02-14 11:05:00
"833",-369,"RLA496830S",0.647,7.147,-0.300735,2019-02-14 11:05:00
"834",-369,"RLA496830S",0.647,7.1548125,-0.300735,2019-02-14 11:05:00
"835",-373,"RLA496830S",0.647,7.162625,-0.303995,2019-02-14 11:05:00
"836",-371,"RLA496830S",0.647,7.1704375,-0.302365,2019-02-14 11:05:00
"837",-368,"RLA496830S",0.647,7.17825,-0.29992,2019-02-14 11:05:00
"838",-371,"RLA496830S",0.647,7.1860625,-0.302365,2019-02-14 11:05:00
"839",-371,"RLA496830S",0.647,7.193875,-0.302365,2019-02-14 11:05:00
"840",-369,"RLA496830S",0.647,7.2016875,-0.300735,2019-02-14 11:05:00
"841",-368,"RLA496830S",0.647,7.2095,-0.29992,2019-02-14 11:05:00
"842",-369,"RLA496830S",0.647,7.2173125,-0.300735,2019-02-14 11:05:00
"843",-372,"RLA496830S",0.647,7.225125,-0.30318,2019-02-14 11:05:00
"844",-371,"RLA496830S",0.647,7.2329375,-0.302365,2019-02-14 11:05:00
"845",-373,"RLA496830S",0.647,7.24075,-0.303995,2019-02-14 11:05:00
"846",-380,"RLA496830S",0.647,7.2485625,-0.3097,2019-02-14 11:05:00
"847",-384,"RLA496830S",0.647,7.256375,-0.31296,2019-02-14 11:05:00
"848",-388,"RLA496830S",0.647,7.2641875,-0.31622,2019-02-14 11:05:00
"849",-401,"RLA496830S",0.647,7.272,-0.326815,2019-02-14 11:05:00
"850",-420,"RLA496830S",0.647,7.2798125,-0.3423,2019-02-14 11:05:00
"851",-427,"RLA496830S",0.647,7.287625,-0.348005,2019-02-14 11:05:00
"852",-393,"RLA496830S",0.647,7.2954375,-0.320295,2019-02-14 11:05:00
"853",-357,"RLA496830S",0.647,7.30325,-0.290955,2019-02-14 11:05:00
"854",-357,"RLA496830S",0.647,7.3110625,-0.290955,2019-02-14 11:05:00
"855",-362,"RLA496830S",0.647,7.318875,-0.29503,2019-02-14 11:05:00
"856",-358,"RLA496830S",0.647,7.3266875,-0.29177,2019-02-14 11:05:00
"857",-357,"RLA496830S",0.647,7.3345,-0.290955,2019-02-14 11:05:00
"858",-358,"RLA496830S",0.647,7.3423125,-0.29177,2019-02-14 11:05:00
"859",-357,"RLA496830S",0.647,7.350125,-0.290955,2019-02-14 11:05:00
"860",-359,"RLA496830S",0.647,7.3579375,-0.292585,2019-02-14 11:05:00
"861",-361,"RLA496830S",0.647,7.36575,-0.294215,2019-02-14 11:05:00
"862",-364,"RLA496830S",0.647,7.3735625,-0.29666,2019-02-14 11:05:00
"863",-366,"RLA496830S",0.647,7.381375,-0.29829,2019-02-14 11:05:00
"864",-361,"RLA496830S",0.647,7.3891875,-0.294215,2019-02-14 11:05:00
"865",-419,"RLA496830S",0.647,7.397,-0.341485,2019-02-14 11:05:00
"866",-631,"RLA496830S",0.647,7.4048125,-0.514265,2019-02-14 11:05:00
"867",-964,"RLA496830S",0.647,7.412625,-0.78566,2019-02-14 11:05:00
"868",-967,"RLA496830S",0.647,7.4204375,-0.788105,2019-02-14 11:05:00
"869",-399,"RLA496830S",0.647,7.42825,-0.325185,2019-02-14 11:05:00
"870",-114,"RLA496830S",0.647,7.4360625,-0.09291,2019-02-14 11:05:00
"871",-351,"RLA496830S",0.647,7.443875,-0.286065,2019-02-14 11:05:00
"872",-402,"RLA496830S",0.647,7.4516875,-0.32763,2019-02-14 11:05:00
"873",-331,"RLA496830S",0.647,7.4595,-0.269765,2019-02-14 11:05:00
"874",-369,"RLA496830S",0.647,7.4673125,-0.300735,2019-02-14 11:05:00
"875",-396,"RLA496830S",0.647,7.475125,-0.32274,2019-02-14 11:05:00
"876",-384,"RLA496830S",0.647,7.4829375,-0.31296,2019-02-14 11:05:00
"877",-394,"RLA496830S",0.647,7.49075,-0.32111,2019-02-14 11:05:00
"878",-392,"RLA496830S",0.647,7.4985625,-0.31948,2019-02-14 11:05:00
"879",-418,"RLA496830S",0.647,7.506375,-0.34067,2019-02-14 11:05:00
"880",-453,"RLA496830S",0.647,7.5141875,-0.369195,2019-02-14 11:05:00
"881",-418,"RLA496830S",0.647,7.522,-0.34067,2019-02-14 11:05:00
"882",-429,"RLA496830S",0.647,7.5298125,-0.349635,2019-02-14 11:05:00
"883",-458,"RLA496830S",0.647,7.537625,-0.37327,2019-02-14 11:05:00
"884",-484,"RLA496830S",0.647,7.5454375,-0.39446,2019-02-14 11:05:00
"885",-506,"RLA496830S",0.647,7.55325,-0.41239,2019-02-14 11:05:00
"886",-524,"RLA496830S",0.647,7.5610625,-0.42706,2019-02-14 11:05:00
"887",-560,"RLA496830S",0.647,7.568875,-0.4564,2019-02-14 11:05:00
"888",-591,"RLA496830S",0.647,7.5766875,-0.481665,2019-02-14 11:05:00
"889",-572,"RLA496830S",0.647,7.5845,-0.46618,2019-02-14 11:05:00
"890",-493,"RLA496830S",0.647,7.5923125,-0.401795,2019-02-14 11:05:00
"891",-401,"RLA496830S",0.647,7.600125,-0.326815,2019-02-14 11:05:00
"892",-367,"RLA496830S",0.647,7.6079375,-0.299105,2019-02-14 11:05:00
"893",-358,"RLA496830S",0.647,7.61575,-0.29177,2019-02-14 11:05:00
"894",-350,"RLA496830S",0.647,7.6235625,-0.28525,2019-02-14 11:05:00
"895",-358,"RLA496830S",0.647,7.631375,-0.29177,2019-02-14 11:05:00
"896",-353,"RLA496830S",0.647,7.6391875,-0.287695,2019-02-14 11:05:00
"897",-352,"RLA496830S",0.647,7.647,-0.28688,2019-02-14 11:05:00
"898",-356,"RLA496830S",0.647,7.6548125,-0.29014,2019-02-14 11:05:00
"899",-355,"RLA496830S",0.647,7.662625,-0.289325,2019-02-14 11:05:00
"900",-355,"RLA496830S",0.647,7.6704375,-0.289325,2019-02-14 11:05:00
"901",-357,"RLA496830S",0.647,7.67825,-0.290955,2019-02-14 11:05:00
"902",-359,"RLA496830S",0.647,7.6860625,-0.292585,2019-02-14 11:05:00
"903",-364,"RLA496830S",0.647,7.693875,-0.29666,2019-02-14 11:05:00
"904",-363,"RLA496830S",0.647,7.7016875,-0.295845,2019-02-14 11:05:00
"905",-363,"RLA496830S",0.647,7.7095,-0.295845,2019-02-14 11:05:00
"906",-366,"RLA496830S",0.647,7.7173125,-0.29829,2019-02-14 11:05:00
"907",-364,"RLA496830S",0.647,7.725125,-0.29666,2019-02-14 11:05:00
"908",-365,"RLA496830S",0.647,7.7329375,-0.297475,2019-02-14 11:05:00
"909",-368,"RLA496830S",0.647,7.74075,-0.29992,2019-02-14 11:05:00
"910",-368,"RLA496830S",0.647,7.7485625,-0.29992,2019-02-14 11:05:00
"911",-366,"RLA496830S",0.647,7.756375,-0.29829,2019-02-14 11:05:00
"912",-366,"RLA496830S",0.647,7.7641875,-0.29829,2019-02-14 11:05:00
"913",-369,"RLA496830S",0.647,7.772,-0.300735,2019-02-14 11:05:00
"914",-364,"RLA496830S",0.647,7.7798125,-0.29666,2019-02-14 11:05:00
"915",-361,"RLA496830S",0.647,7.787625,-0.294215,2019-02-14 11:05:00
"916",-364,"RLA496830S",0.647,7.7954375,-0.29666,2019-02-14 11:05:00
"917",-366,"RLA496830S",0.647,7.80325,-0.29829,2019-02-14 11:05:00
"918",-365,"RLA496830S",0.647,7.8110625,-0.297475,2019-02-14 11:05:00
"919",-363,"RLA496830S",0.647,7.818875,-0.295845,2019-02-14 11:05:00
"920",-361,"RLA496830S",0.647,7.8266875,-0.294215,2019-02-14 11:05:00
"921",-364,"RLA496830S",0.647,7.8345,-0.29666,2019-02-14 11:05:00
"922",-370,"RLA496830S",0.647,7.8423125,-0.30155,2019-02-14 11:05:00
"923",-378,"RLA496830S",0.647,7.850125,-0.30807,2019-02-14 11:05:00
"924",-382,"RLA496830S",0.647,7.8579375,-0.31133,2019-02-14 11:05:00
"925",-381,"RLA496830S",0.647,7.86575,-0.310515,2019-02-14 11:05:00
"926",-399,"RLA496830S",0.647,7.8735625,-0.325185,2019-02-14 11:05:00
"927",-422,"RLA496830S",0.647,7.881375,-0.34393,2019-02-14 11:05:00
"928",-392,"RLA496830S",0.647,7.8891875,-0.31948,2019-02-14 11:05:00
"929",-357,"RLA496830S",0.647,7.897,-0.290955,2019-02-14 11:05:00
"930",-345,"RLA496830S",0.647,7.9048125,-0.281175,2019-02-14 11:05:00
"931",-347,"RLA496830S",0.647,7.912625,-0.282805,2019-02-14 11:05:00
"932",-349,"RLA496830S",0.647,7.9204375,-0.284435,2019-02-14 11:05:00
"933",-347,"RLA496830S",0.647,7.92825,-0.282805,2019-02-14 11:05:00
"934",-343,"RLA496830S",0.647,7.9360625,-0.279545,2019-02-14 11:05:00
"935",-342,"RLA496830S",0.647,7.943875,-0.27873,2019-02-14 11:05:00
"936",-349,"RLA496830S",0.647,7.9516875,-0.284435,2019-02-14 11:05:00
"937",-352,"RLA496830S",0.647,7.9595,-0.28688,2019-02-14 11:05:00
"938",-353,"RLA496830S",0.647,7.9673125,-0.287695,2019-02-14 11:05:00
"939",-346,"RLA496830S",0.647,7.975125,-0.28199,2019-02-14 11:05:00
"940",-368,"RLA496830S",0.647,7.9829375,-0.29992,2019-02-14 11:05:00
"941",-537,"RLA496830S",0.647,7.99075,-0.437655,2019-02-14 11:05:00
"942",-849,"RLA496830S",0.647,7.9985625,-0.691935,2019-02-14 11:05:00
"943",-953,"RLA496830S",0.647,8.006375,-0.776695,2019-02-14 11:05:00
"944",-309,"RLA496830S",0.647,8.0141875,-0.251835,2019-02-14 11:05:00
"945",-38,"RLA496830S",0.647,8.022,-0.03097,2019-02-14 11:05:00
"946",-289,"RLA496830S",0.647,8.0298125,-0.235535,2019-02-14 11:05:00
"947",-453,"RLA496830S",0.647,8.037625,-0.369195,2019-02-14 11:05:00
"948",-386,"RLA496830S",0.647,8.0454375,-0.31459,2019-02-14 11:05:00
"949",-367,"RLA496830S",0.647,8.05325,-0.299105,2019-02-14 11:05:00
"950",-386,"RLA496830S",0.647,8.0610625,-0.31459,2019-02-14 11:05:00
"951",-368,"RLA496830S",0.647,8.068875,-0.29992,2019-02-14 11:05:00
"952",-400,"RLA496830S",0.647,8.0766875,-0.326,2019-02-14 11:05:00
"953",-386,"RLA496830S",0.647,8.0845,-0.31459,2019-02-14 11:05:00
"954",-368,"RLA496830S",0.647,8.0923125,-0.29992,2019-02-14 11:05:00
"955",-412,"RLA496830S",0.647,8.100125,-0.33578,2019-02-14 11:05:00
"956",-429,"RLA496830S",0.647,8.1079375,-0.349635,2019-02-14 11:05:00
"957",-439,"RLA496830S",0.647,8.11575,-0.357785,2019-02-14 11:05:00
"958",-454,"RLA496830S",0.647,8.1235625,-0.37001,2019-02-14 11:05:00
"959",-471,"RLA496830S",0.647,8.131375,-0.383865,2019-02-14 11:05:00
"960",-503,"RLA496830S",0.647,8.1391875,-0.409945,2019-02-14 11:05:00
"961",-516,"RLA496830S",0.647,8.147,-0.42054,2019-02-14 11:05:00
"962",-552,"RLA496830S",0.647,8.1548125,-0.44988,2019-02-14 11:05:00
"963",-585,"RLA496830S",0.647,8.162625,-0.476775,2019-02-14 11:05:00
"964",-566,"RLA496830S",0.647,8.1704375,-0.46129,2019-02-14 11:05:00
"965",-488,"RLA496830S",0.647,8.17825,-0.39772,2019-02-14 11:05:00
"966",-395,"RLA496830S",0.647,8.1860625,-0.321925,2019-02-14 11:05:00
"967",-358,"RLA496830S",0.647,8.193875,-0.29177,2019-02-14 11:05:00
"968",-366,"RLA496830S",0.647,8.2016875,-0.29829,2019-02-14 11:05:00
"969",-352,"RLA496830S",0.647,8.2095,-0.28688,2019-02-14 11:05:00
"970",-348,"RLA496830S",0.647,8.2173125,-0.28362,2019-02-14 11:05:00
"971",-352,"RLA496830S",0.647,8.225125,-0.28688,2019-02-14 11:05:00
"972",-351,"RLA496830S",0.647,8.2329375,-0.286065,2019-02-14 11:05:00
"973",-350,"RLA496830S",0.647,8.24075,-0.28525,2019-02-14 11:05:00
"974",-351,"RLA496830S",0.647,8.2485625,-0.286065,2019-02-14 11:05:00
"975",-356,"RLA496830S",0.647,8.256375,-0.29014,2019-02-14 11:05:00
"976",-358,"RLA496830S",0.647,8.2641875,-0.29177,2019-02-14 11:05:00
"977",-357,"RLA496830S",0.647,8.272,-0.290955,2019-02-14 11:05:00
"978",-360,"RLA496830S",0.647,8.2798125,-0.2934,2019-02-14 11:05:00
"979",-364,"RLA496830S",0.647,8.287625,-0.29666,2019-02-14 11:05:00
"980",-367,"RLA496830S",0.647,8.2954375,-0.299105,2019-02-14 11:05:00
"981",-363,"RLA496830S",0.647,8.30325,-0.295845,2019-02-14 11:05:00
"982",-361,"RLA496830S",0.647,8.3110625,-0.294215,2019-02-14 11:05:00
"983",-366,"RLA496830S",0.647,8.318875,-0.29829,2019-02-14 11:05:00
"984",-366,"RLA496830S",0.647,8.3266875,-0.29829,2019-02-14 11:05:00
"985",-365,"RLA496830S",0.647,8.3345,-0.297475,2019-02-14 11:05:00
"986",-365,"RLA496830S",0.647,8.3423125,-0.297475,2019-02-14 11:05:00
"987",-363,"RLA496830S",0.647,8.350125,-0.295845,2019-02-14 11:05:00
"988",-366,"RLA496830S",0.647,8.3579375,-0.29829,2019-02-14 11:05:00
"989",-375,"RLA496830S",0.647,8.36575,-0.305625,2019-02-14 11:05:00
"990",-384,"RLA496830S",0.647,8.3735625,-0.31296,2019-02-14 11:05:00
"991",-382,"RLA496830S",0.647,8.381375,-0.31133,2019-02-14 11:05:00
"992",-380,"RLA496830S",0.647,8.3891875,-0.3097,2019-02-14 11:05:00
"993",-408,"RLA496830S",0.647,8.397,-0.33252,2019-02-14 11:05:00
"994",-424,"RLA496830S",0.647,8.4048125,-0.34556,2019-02-14 11:05:00
"995",-388,"RLA496830S",0.647,8.412625,-0.31622,2019-02-14 11:05:00
"996",-347,"RLA496830S",0.647,8.4204375,-0.282805,2019-02-14 11:05:00
"997",-340,"RLA496830S",0.647,8.42825,-0.2771,2019-02-14 11:05:00
"998",-347,"RLA496830S",0.647,8.4360625,-0.282805,2019-02-14 11:05:00
"999",-345,"RLA496830S",0.647,8.443875,-0.281175,2019-02-14 11:05:00
"1000",-340,"RLA496830S",0.647,8.4516875,-0.2771,2019-02-14 11:05:00
"1001",-341,"RLA496830S",0.647,8.4595,-0.277915,2019-02-14 11:05:00
"1002",-341,"RLA496830S",0.647,8.4673125,-0.277915,2019-02-14 11:05:00
"1003",-342,"RLA496830S",0.647,8.475125,-0.27873,2019-02-14 11:05:00
"1004",-340,"RLA496830S",0.647,8.4829375,-0.2771,2019-02-14 11:05:00
"1005",-349,"RLA496830S",0.647,8.49075,-0.284435,2019-02-14 11:05:00
"1006",-447,"RLA496830S",0.647,8.4985625,-0.364305,2019-02-14 11:05:00
"1007",-678,"RLA496830S",0.647,8.506375,-0.55257,2019-02-14 11:05:00
"1008",-900,"RLA496830S",0.647,8.5141875,-0.7335,2019-02-14 11:05:00
"1009",-583,"RLA496830S",0.647,8.522,-0.475145,2019-02-14 11:05:00
"1010",-190,"RLA496830S",0.647,8.5298125,-0.15485,2019-02-14 11:05:00
"1011",-213,"RLA496830S",0.647,8.537625,-0.173595,2019-02-14 11:05:00
"1012",-378,"RLA496830S",0.647,8.5454375,-0.30807,2019-02-14 11:05:00
"1013",-377,"RLA496830S",0.647,8.55325,-0.307255,2019-02-14 11:05:00
"1014",-355,"RLA496830S",0.647,8.5610625,-0.289325,2019-02-14 11:05:00
"1015",-384,"RLA496830S",0.647,8.568875,-0.31296,2019-02-14 11:05:00
"1016",-384,"RLA496830S",0.647,8.5766875,-0.31296,2019-02-14 11:05:00
"1017",-374,"RLA496830S",0.647,8.5845,-0.30481,2019-02-14 11:05:00
"1018",-386,"RLA496830S",0.647,8.5923125,-0.31459,2019-02-14 11:05:00
"1019",-397,"RLA496830S",0.647,8.600125,-0.323555,2019-02-14 11:05:00
"1020",-414,"RLA496830S",0.647,8.6079375,-0.33741,2019-02-14 11:05:00
"1021",-416,"RLA496830S",0.647,8.61575,-0.33904,2019-02-14 11:05:00
"1022",-435,"RLA496830S",0.647,8.6235625,-0.354525,2019-02-14 11:05:00
"1023",-462,"RLA496830S",0.647,8.631375,-0.37653,2019-02-14 11:05:00
"1024",-438,"RLA496830S",0.647,8.6391875,-0.35697,2019-02-14 11:05:00
"1025",-462,"RLA496830S",0.647,8.647,-0.37653,2019-02-14 11:05:00
"1026",-494,"RLA496830S",0.647,8.6548125,-0.40261,2019-02-14 11:05:00
"1027",-520,"RLA496830S",0.647,8.662625,-0.4238,2019-02-14 11:05:00
"1028",-553,"RLA496830S",0.647,8.6704375,-0.450695,2019-02-14 11:05:00
"1029",-554,"RLA496830S",0.647,8.67825,-0.45151,2019-02-14 11:05:00
"1030",-493,"RLA496830S",0.647,8.6860625,-0.401795,2019-02-14 11:05:00
"1031",-409,"RLA496830S",0.647,8.693875,-0.333335,2019-02-14 11:05:00
"1032",-361,"RLA496830S",0.647,8.7016875,-0.294215,2019-02-14 11:05:00
"1033",-363,"RLA496830S",0.647,8.7095,-0.295845,2019-02-14 11:05:00
"1034",-357,"RLA496830S",0.647,8.7173125,-0.290955,2019-02-14 11:05:00
"1035",-354,"RLA496830S",0.647,8.725125,-0.28851,2019-02-14 11:05:00
"1036",-354,"RLA496830S",0.647,8.7329375,-0.28851,2019-02-14 11:05:00
"1037",-351,"RLA496830S",0.647,8.74075,-0.286065,2019-02-14 11:05:00
"1038",-354,"RLA496830S",0.647,8.7485625,-0.28851,2019-02-14 11:05:00
"1039",-352,"RLA496830S",0.647,8.756375,-0.28688,2019-02-14 11:05:00
"1040",-351,"RLA496830S",0.647,8.7641875,-0.286065,2019-02-14 11:05:00
"1041",-356,"RLA496830S",0.647,8.772,-0.29014,2019-02-14 11:05:00
"1042",-358,"RLA496830S",0.647,8.7798125,-0.29177,2019-02-14 11:05:00
"1043",-365,"RLA496830S",0.647,8.787625,-0.297475,2019-02-14 11:05:00
"1044",-366,"RLA496830S",0.647,8.7954375,-0.29829,2019-02-14 11:05:00
"1045",-364,"RLA496830S",0.647,8.80325,-0.29666,2019-02-14 11:05:00
"1046",-367,"RLA496830S",0.647,8.8110625,-0.299105,2019-02-14 11:05:00
"1047",-367,"RLA496830S",0.647,8.818875,-0.299105,2019-02-14 11:05:00
"1048",-368,"RLA496830S",0.647,8.8266875,-0.29992,2019-02-14 11:05:00
"1049",-371,"RLA496830S",0.647,8.8345,-0.302365,2019-02-14 11:05:00
"1050",-374,"RLA496830S",0.647,8.8423125,-0.30481,2019-02-14 11:05:00
"1051",-382,"RLA496830S",0.647,8.850125,-0.31133,2019-02-14 11:05:00
"1052",-384,"RLA496830S",0.647,8.8579375,-0.31296,2019-02-14 11:05:00
"1053",-386,"RLA496830S",0.647,8.86575,-0.31459,2019-02-14 11:05:00
"1054",-413,"RLA496830S",0.647,8.8735625,-0.336595,2019-02-14 11:05:00
"1055",-436,"RLA496830S",0.647,8.881375,-0.35534,2019-02-14 11:05:00
"1056",-387,"RLA496830S",0.647,8.8891875,-0.315405,2019-02-14 11:05:00
"1057",-351,"RLA496830S",0.647,8.897,-0.286065,2019-02-14 11:05:00
"1058",-353,"RLA496830S",0.647,8.9048125,-0.287695,2019-02-14 11:05:00
"1059",-352,"RLA496830S",0.647,8.912625,-0.28688,2019-02-14 11:05:00
"1060",-341,"RLA496830S",0.647,8.9204375,-0.277915,2019-02-14 11:05:00
"1061",-339,"RLA496830S",0.647,8.92825,-0.276285,2019-02-14 11:05:00
"1062",-339,"RLA496830S",0.647,8.9360625,-0.276285,2019-02-14 11:05:00
"1063",-337,"RLA496830S",0.647,8.943875,-0.274655,2019-02-14 11:05:00
"1064",-340,"RLA496830S",0.647,8.9516875,-0.2771,2019-02-14 11:05:00
"1065",-338,"RLA496830S",0.647,8.9595,-0.27547,2019-02-14 11:05:00
"1066",-384,"RLA496830S",0.647,8.9673125,-0.31296,2019-02-14 11:05:00
"1067",-565,"RLA496830S",0.647,8.975125,-0.460475,2019-02-14 11:05:00
"1068",-857,"RLA496830S",0.647,8.9829375,-0.698455,2019-02-14 11:05:00
"1069",-874,"RLA496830S",0.647,8.99075,-0.71231,2019-02-14 11:05:00
"1070",-406,"RLA496830S",0.647,8.9985625,-0.33089,2019-02-14 11:05:00
"1071",-140,"RLA496830S",0.647,9.006375,-0.1141,2019-02-14 11:05:00
"1072",-362,"RLA496830S",0.647,9.0141875,-0.29503,2019-02-14 11:05:00
"1073",-376,"RLA496830S",0.647,9.022,-0.30644,2019-02-14 11:05:00
"1074",-327,"RLA496830S",0.647,9.0298125,-0.266505,2019-02-14 11:05:00
"1075",-358,"RLA496830S",0.647,9.037625,-0.29177,2019-02-14 11:05:00
"1076",-378,"RLA496830S",0.647,9.0454375,-0.30807,2019-02-14 11:05:00
"1077",-371,"RLA496830S",0.647,9.05325,-0.302365,2019-02-14 11:05:00
"1078",-381,"RLA496830S",0.647,9.0610625,-0.310515,2019-02-14 11:05:00
"1079",-372,"RLA496830S",0.647,9.068875,-0.30318,2019-02-14 11:05:00
"1080",-400,"RLA496830S",0.647,9.0766875,-0.326,2019-02-14 11:05:00
"1081",-424,"RLA496830S",0.647,9.0845,-0.34556,2019-02-14 11:05:00
"1082",-403,"RLA496830S",0.647,9.0923125,-0.328445,2019-02-14 11:05:00
"1083",-411,"RLA496830S",0.647,9.100125,-0.334965,2019-02-14 11:05:00
"1084",-431,"RLA496830S",0.647,9.1079375,-0.351265,2019-02-14 11:05:00
"1085",-450,"RLA496830S",0.647,9.11575,-0.36675,2019-02-14 11:05:00
"1086",-472,"RLA496830S",0.647,9.1235625,-0.38468,2019-02-14 11:05:00
"1087",-487,"RLA496830S",0.647,9.131375,-0.396905,2019-02-14 11:05:00
"1088",-527,"RLA496830S",0.647,9.1391875,-0.429505,2019-02-14 11:05:00
"1089",-532,"RLA496830S",0.647,9.147,-0.43358,2019-02-14 11:05:00
"1090",-478,"RLA496830S",0.647,9.1548125,-0.38957,2019-02-14 11:05:00
"1091",-405,"RLA496830S",0.647,9.162625,-0.330075,2019-02-14 11:05:00
"1092",-363,"RLA496830S",0.647,9.1704375,-0.295845,2019-02-14 11:05:00
"1093",-359,"RLA496830S",0.647,9.17825,-0.292585,2019-02-14 11:05:00
"1094",-355,"RLA496830S",0.647,9.1860625,-0.289325,2019-02-14 11:05:00
"1095",-349,"RLA496830S",0.647,9.193875,-0.284435,2019-02-14 11:05:00
"1096",-355,"RLA496830S",0.647,9.2016875,-0.289325,2019-02-14 11:05:00
"1097",-354,"RLA496830S",0.647,9.2095,-0.28851,2019-02-14 11:05:00
"1098",-353,"RLA496830S",0.647,9.2173125,-0.287695,2019-02-14 11:05:00
"1099",-352,"RLA496830S",0.647,9.225125,-0.28688,2019-02-14 11:05:00
"1100",-354,"RLA496830S",0.647,9.2329375,-0.28851,2019-02-14 11:05:00
"1101",-360,"RLA496830S",0.647,9.24075,-0.2934,2019-02-14 11:05:00
"1102",-359,"RLA496830S",0.647,9.2485625,-0.292585,2019-02-14 11:05:00
"1103",-361,"RLA496830S",0.647,9.256375,-0.294215,2019-02-14 11:05:00
"1104",-362,"RLA496830S",0.647,9.2641875,-0.29503,2019-02-14 11:05:00
"1105",-358,"RLA496830S",0.647,9.272,-0.29177,2019-02-14 11:05:00
"1106",-360,"RLA496830S",0.647,9.2798125,-0.2934,2019-02-14 11:05:00
"1107",-369,"RLA496830S",0.647,9.287625,-0.300735,2019-02-14 11:05:00
"1108",-377,"RLA496830S",0.647,9.2954375,-0.307255,2019-02-14 11:05:00
"1109",-380,"RLA496830S",0.647,9.30325,-0.3097,2019-02-14 11:05:00
"1110",-383,"RLA496830S",0.647,9.3110625,-0.312145,2019-02-14 11:05:00
"1111",-395,"RLA496830S",0.647,9.318875,-0.321925,2019-02-14 11:05:00
"1112",-428,"RLA496830S",0.647,9.3266875,-0.34882,2019-02-14 11:05:00
"1113",-438,"RLA496830S",0.647,9.3345,-0.35697,2019-02-14 11:05:00
"1114",-401,"RLA496830S",0.647,9.3423125,-0.326815,2019-02-14 11:05:00
"1115",-358,"RLA496830S",0.647,9.350125,-0.29177,2019-02-14 11:05:00
"1116",-348,"RLA496830S",0.647,9.3579375,-0.28362,2019-02-14 11:05:00
"1117",-350,"RLA496830S",0.647,9.36575,-0.28525,2019-02-14 11:05:00
"1118",-346,"RLA496830S",0.647,9.3735625,-0.28199,2019-02-14 11:05:00
"1119",-340,"RLA496830S",0.647,9.381375,-0.2771,2019-02-14 11:05:00
"1120",-338,"RLA496830S",0.647,9.3891875,-0.27547,2019-02-14 11:05:00
"1121",-338,"RLA496830S",0.647,9.397,-0.27547,2019-02-14 11:05:00
"1122",-336,"RLA496830S",0.647,9.4048125,-0.27384,2019-02-14 11:05:00
"1123",-339,"RLA496830S",0.647,9.412625,-0.276285,2019-02-14 11:05:00
"1124",-403,"RLA496830S",0.647,9.4204375,-0.328445,2019-02-14 11:05:00
"1125",-600,"RLA496830S",0.647,9.42825,-0.489,2019-02-14 11:05:00
"1126",-864,"RLA496830S",0.647,9.4360625,-0.70416,2019-02-14 11:05:00
"1127",-885,"RLA496830S",0.647,9.443875,-0.721275,2019-02-14 11:05:00
"1128",-345,"RLA496830S",0.647,9.4516875,-0.281175,2019-02-14 11:05:00
"1129",-193,"RLA496830S",0.647,9.4595,-0.157295,2019-02-14 11:05:00
"1130",-346,"RLA496830S",0.647,9.4673125,-0.28199,2019-02-14 11:05:00
"1131",-371,"RLA496830S",0.647,9.475125,-0.302365,2019-02-14 11:05:00
"1132",-343,"RLA496830S",0.647,9.4829375,-0.279545,2019-02-14 11:05:00
"1133",-372,"RLA496830S",0.647,9.49075,-0.30318,2019-02-14 11:05:00
"1134",-379,"RLA496830S",0.647,9.4985625,-0.308885,2019-02-14 11:05:00
"1135",-363,"RLA496830S",0.647,9.506375,-0.295845,2019-02-14 11:05:00
"1136",-376,"RLA496830S",0.647,9.5141875,-0.30644,2019-02-14 11:05:00
"1137",-383,"RLA496830S",0.647,9.522,-0.312145,2019-02-14 11:05:00
"1138",-395,"RLA496830S",0.647,9.5298125,-0.321925,2019-02-14 11:05:00
"1139",-399,"RLA496830S",0.647,9.537625,-0.325185,2019-02-14 11:05:00
"1140",-412,"RLA496830S",0.647,9.5454375,-0.33578,2019-02-14 11:05:00
"1141",-436,"RLA496830S",0.647,9.55325,-0.35534,2019-02-14 11:05:00
"1142",-430,"RLA496830S",0.647,9.5610625,-0.35045,2019-02-14 11:05:00
"1143",-445,"RLA496830S",0.647,9.568875,-0.362675,2019-02-14 11:05:00
"1144",-468,"RLA496830S",0.647,9.5766875,-0.38142,2019-02-14 11:05:00
"1145",-480,"RLA496830S",0.647,9.5845,-0.3912,2019-02-14 11:05:00
"1146",-517,"RLA496830S",0.647,9.5923125,-0.421355,2019-02-14 11:05:00
"1147",-523,"RLA496830S",0.647,9.600125,-0.426245,2019-02-14 11:05:00
"1148",-465,"RLA496830S",0.647,9.6079375,-0.378975,2019-02-14 11:05:00
"1149",-395,"RLA496830S",0.647,9.61575,-0.321925,2019-02-14 11:05:00
"1150",-366,"RLA496830S",0.647,9.6235625,-0.29829,2019-02-14 11:05:00
"1151",-366,"RLA496830S",0.647,9.631375,-0.29829,2019-02-14 11:05:00
"1152",-359,"RLA496830S",0.647,9.6391875,-0.292585,2019-02-14 11:05:00
"1153",-363,"RLA496830S",0.647,9.647,-0.295845,2019-02-14 11:05:00
"1154",-369,"RLA496830S",0.647,9.6548125,-0.300735,2019-02-14 11:05:00
"1155",-361,"RLA496830S",0.647,9.662625,-0.294215,2019-02-14 11:05:00
"1156",-360,"RLA496830S",0.647,9.6704375,-0.2934,2019-02-14 11:05:00
"1157",-364,"RLA496830S",0.647,9.67825,-0.29666,2019-02-14 11:05:00
"1158",-364,"RLA496830S",0.647,9.6860625,-0.29666,2019-02-14 11:05:00
"1159",-368,"RLA496830S",0.647,9.693875,-0.29992,2019-02-14 11:05:00
"1160",-369,"RLA496830S",0.647,9.7016875,-0.300735,2019-02-14 11:05:00
"1161",-371,"RLA496830S",0.647,9.7095,-0.302365,2019-02-14 11:05:00
"1162",-372,"RLA496830S",0.647,9.7173125,-0.30318,2019-02-14 11:05:00
"1163",-375,"RLA496830S",0.647,9.725125,-0.305625,2019-02-14 11:05:00
"1164",-382,"RLA496830S",0.647,9.7329375,-0.31133,2019-02-14 11:05:00
"1165",-391,"RLA496830S",0.647,9.74075,-0.318665,2019-02-14 11:05:00
"1166",-398,"RLA496830S",0.647,9.7485625,-0.32437,2019-02-14 11:05:00
"1167",-400,"RLA496830S",0.647,9.756375,-0.326,2019-02-14 11:05:00
"1168",-429,"RLA496830S",0.647,9.7641875,-0.349635,2019-02-14 11:05:00
"1169",-461,"RLA496830S",0.647,9.772,-0.375715,2019-02-14 11:05:00
"1170",-460,"RLA496830S",0.647,9.7798125,-0.3749,2019-02-14 11:05:00
"1171",-409,"RLA496830S",0.647,9.787625,-0.333335,2019-02-14 11:05:00
"1172",-366,"RLA496830S",0.647,9.7954375,-0.29829,2019-02-14 11:05:00
"1173",-363,"RLA496830S",0.647,9.80325,-0.295845,2019-02-14 11:05:00
"1174",-363,"RLA496830S",0.647,9.8110625,-0.295845,2019-02-14 11:05:00
"1175",-357,"RLA496830S",0.647,9.818875,-0.290955,2019-02-14 11:05:00
"1176",-357,"RLA496830S",0.647,9.8266875,-0.290955,2019-02-14 11:05:00
"1177",-360,"RLA496830S",0.647,9.8345,-0.2934,2019-02-14 11:05:00
"1178",-359,"RLA496830S",0.647,9.8423125,-0.292585,2019-02-14 11:05:00
"1179",-361,"RLA496830S",0.647,9.850125,-0.294215,2019-02-14 11:05:00
"1180",-416,"RLA496830S",0.647,9.8579375,-0.33904,2019-02-14 11:05:00
"1181",-603,"RLA496830S",0.647,9.86575,-0.491445,2019-02-14 11:05:00
"1182",-875,"RLA496830S",0.647,9.8735625,-0.713125,2019-02-14 11:05:00
"1183",-918,"RLA496830S",0.647,9.881375,-0.74817,2019-02-14 11:05:00
"1184",-367,"RLA496830S",0.647,9.8891875,-0.299105,2019-02-14 11:05:00
"1185",-194,"RLA496830S",0.647,9.897,-0.15811,2019-02-14 11:05:00
"1186",-357,"RLA496830S",0.647,9.9048125,-0.290955,2019-02-14 11:05:00
"1187",-388,"RLA496830S",0.647,9.912625,-0.31622,2019-02-14 11:05:00
"1188",-340,"RLA496830S",0.647,9.9204375,-0.2771,2019-02-14 11:05:00
"1189",-368,"RLA496830S",0.647,9.92825,-0.29992,2019-02-14 11:05:00
"1190",-381,"RLA496830S",0.647,9.9360625,-0.310515,2019-02-14 11:05:00
"1191",-368,"RLA496830S",0.647,9.943875,-0.29992,2019-02-14 11:05:00
"1192",-393,"RLA496830S",0.647,9.9516875,-0.320295,2019-02-14 11:05:00
"1193",-396,"RLA496830S",0.647,9.9595,-0.32274,2019-02-14 11:05:00
"1194",-406,"RLA496830S",0.647,9.9673125,-0.33089,2019-02-14 11:05:00
"1195",-402,"RLA496830S",0.647,9.975125,-0.32763,2019-02-14 11:05:00
"1196",-395,"RLA496830S",0.647,9.9829375,-0.321925,2019-02-14 11:05:00
"1197",-426,"RLA496830S",0.647,9.99075,-0.34719,2019-02-14 11:05:00
"1198",-443,"RLA496830S",0.647,9.9985625,-0.361045,2019-02-14 11:05:00
"1199",-461,"RLA496830S",0.647,10.006375,-0.375715,2019-02-14 11:05:00
"1200",-486,"RLA496830S",0.647,10.0141875,-0.39609,2019-02-14 11:05:00
"1201",-501,"RLA496830S",0.647,10.022,-0.408315,2019-02-14 11:05:00
"1202",-536,"RLA496830S",0.647,10.0298125,-0.43684,2019-02-14 11:05:00
"1203",-537,"RLA496830S",0.647,10.037625,-0.437655,2019-02-14 11:05:00
"1204",-475,"RLA496830S",0.647,10.0454375,-0.387125,2019-02-14 11:05:00
"1205",-404,"RLA496830S",0.647,10.05325,-0.32926,2019-02-14 11:05:00
"1206",-373,"RLA496830S",0.647,10.0610625,-0.303995,2019-02-14 11:05:00
"1207",-373,"RLA496830S",0.647,10.068875,-0.303995,2019-02-14 11:05:00
"1208",-368,"RLA496830S",0.647,10.0766875,-0.29992,2019-02-14 11:05:00
"1209",-363,"RLA496830S",0.647,10.0845,-0.295845,2019-02-14 11:05:00
"1210",-370,"RLA496830S",0.647,10.0923125,-0.30155,2019-02-14 11:05:00
"1211",-370,"RLA496830S",0.647,10.100125,-0.30155,2019-02-14 11:05:00
"1212",-367,"RLA496830S",0.647,10.1079375,-0.299105,2019-02-14 11:05:00
"1213",-368,"RLA496830S",0.647,10.11575,-0.29992,2019-02-14 11:05:00
"1214",-371,"RLA496830S",0.647,10.1235625,-0.302365,2019-02-14 11:05:00
"1215",-378,"RLA496830S",0.647,10.131375,-0.30807,2019-02-14 11:05:00
"1216",-380,"RLA496830S",0.647,10.1391875,-0.3097,2019-02-14 11:05:00
"1217",-382,"RLA496830S",0.647,10.147,-0.31133,2019-02-14 11:05:00
"1218",-381,"RLA496830S",0.647,10.1548125,-0.310515,2019-02-14 11:05:00
"1219",-384,"RLA496830S",0.647,10.162625,-0.31296,2019-02-14 11:05:00
"1220",-396,"RLA496830S",0.647,10.1704375,-0.32274,2019-02-14 11:05:00
"1221",-401,"RLA496830S",0.647,10.17825,-0.326815,2019-02-14 11:05:00
"1222",-401,"RLA496830S",0.647,10.1860625,-0.326815,2019-02-14 11:05:00
"1223",-416,"RLA496830S",0.647,10.193875,-0.33904,2019-02-14 11:05:00
"1224",-453,"RLA496830S",0.647,10.2016875,-0.369195,2019-02-14 11:05:00
"1225",-461,"RLA496830S",0.647,10.2095,-0.375715,2019-02-14 11:05:00
"1226",-419,"RLA496830S",0.647,10.2173125,-0.341485,2019-02-14 11:05:00
"1227",-378,"RLA496830S",0.647,10.225125,-0.30807,2019-02-14 11:05:00
"1228",-376,"RLA496830S",0.647,10.2329375,-0.30644,2019-02-14 11:05:00
"1229",-370,"RLA496830S",0.647,10.24075,-0.30155,2019-02-14 11:05:00
"1230",-364,"RLA496830S",0.647,10.2485625,-0.29666,2019-02-14 11:05:00
"1231",-368,"RLA496830S",0.647,10.256375,-0.29992,2019-02-14 11:05:00
"1232",-367,"RLA496830S",0.647,10.2641875,-0.299105,2019-02-14 11:05:00
"1233",-362,"RLA496830S",0.647,10.272,-0.29503,2019-02-14 11:05:00
"1234",-357,"RLA496830S",0.647,10.2798125,-0.290955,2019-02-14 11:05:00
"1235",-383,"RLA496830S",0.647,10.287625,-0.312145,2019-02-14 11:05:00
"1236",-533,"RLA496830S",0.647,10.2954375,-0.434395,2019-02-14 11:05:00
"1237",-815,"RLA496830S",0.647,10.30325,-0.664225,2019-02-14 11:05:00
"1238",-880,"RLA496830S",0.647,10.3110625,-0.7172,2019-02-14 11:05:00
"1239",-473,"RLA496830S",0.647,10.318875,-0.385495,2019-02-14 11:05:00
"1240",-136,"RLA496830S",0.647,10.3266875,-0.11084,2019-02-14 11:05:00
"1241",-320,"RLA496830S",0.647,10.3345,-0.2608,2019-02-14 11:05:00
"1242",-429,"RLA496830S",0.647,10.3423125,-0.349635,2019-02-14 11:05:00
"1243",-376,"RLA496830S",0.647,10.350125,-0.30644,2019-02-14 11:05:00
"1244",-360,"RLA496830S",0.647,10.3579375,-0.2934,2019-02-14 11:05:00
"1245",-381,"RLA496830S",0.647,10.36575,-0.310515,2019-02-14 11:05:00
"1246",-371,"RLA496830S",0.647,10.3735625,-0.302365,2019-02-14 11:05:00
"1247",-397,"RLA496830S",0.647,10.381375,-0.323555,2019-02-14 11:05:00
"1248",-418,"RLA496830S",0.647,10.3891875,-0.34067,2019-02-14 11:05:00
"1249",-392,"RLA496830S",0.647,10.397,-0.31948,2019-02-14 11:05:00
"1250",-405,"RLA496830S",0.647,10.4048125,-0.330075,2019-02-14 11:05:00
"1251",-422,"RLA496830S",0.647,10.412625,-0.34393,2019-02-14 11:05:00
"1252",-435,"RLA496830S",0.647,10.4204375,-0.354525,2019-02-14 11:05:00
"1253",-450,"RLA496830S",0.647,10.42825,-0.36675,2019-02-14 11:05:00
"1254",-468,"RLA496830S",0.647,10.4360625,-0.38142,2019-02-14 11:05:00
"1255",-491,"RLA496830S",0.647,10.443875,-0.400165,2019-02-14 11:05:00
"1256",-498,"RLA496830S",0.647,10.4516875,-0.40587,2019-02-14 11:05:00
"1257",-532,"RLA496830S",0.647,10.4595,-0.43358,2019-02-14 11:05:00
"1258",-550,"RLA496830S",0.647,10.4673125,-0.44825,2019-02-14 11:05:00
"1259",-499,"RLA496830S",0.647,10.475125,-0.406685,2019-02-14 11:05:00
"1260",-426,"RLA496830S",0.647,10.4829375,-0.34719,2019-02-14 11:05:00
"1261",-382,"RLA496830S",0.647,10.49075,-0.31133,2019-02-14 11:05:00
"1262",-374,"RLA496830S",0.647,10.4985625,-0.30481,2019-02-14 11:05:00
"1263",-381,"RLA496830S",0.647,10.506375,-0.310515,2019-02-14 11:05:00
"1264",-376,"RLA496830S",0.647,10.5141875,-0.30644,2019-02-14 11:05:00
"1265",-376,"RLA496830S",0.647,10.522,-0.30644,2019-02-14 11:05:00
"1266",-379,"RLA496830S",0.647,10.5298125,-0.308885,2019-02-14 11:05:00
"1267",-381,"RLA496830S",0.647,10.537625,-0.310515,2019-02-14 11:05:00
"1268",-383,"RLA496830S",0.647,10.5454375,-0.312145,2019-02-14 11:05:00
"1269",-380,"RLA496830S",0.647,10.55325,-0.3097,2019-02-14 11:05:00
"1270",-382,"RLA496830S",0.647,10.5610625,-0.31133,2019-02-14 11:05:00
"1271",-383,"RLA496830S",0.647,10.568875,-0.312145,2019-02-14 11:05:00
"1272",-384,"RLA496830S",0.647,10.5766875,-0.31296,2019-02-14 11:05:00
"1273",-386,"RLA496830S",0.647,10.5845,-0.31459,2019-02-14 11:05:00
"1274",-388,"RLA496830S",0.647,10.5923125,-0.31622,2019-02-14 11:05:00
"1275",-390,"RLA496830S",0.647,10.600125,-0.31785,2019-02-14 11:05:00
"1276",-393,"RLA496830S",0.647,10.6079375,-0.320295,2019-02-14 11:05:00
"1277",-402,"RLA496830S",0.647,10.61575,-0.32763,2019-02-14 11:05:00
"1278",-409,"RLA496830S",0.647,10.6235625,-0.333335,2019-02-14 11:05:00
"1279",-408,"RLA496830S",0.647,10.631375,-0.33252,2019-02-14 11:05:00
"1280",-422,"RLA496830S",0.647,10.6391875,-0.34393,2019-02-14 11:05:00
"1281",-450,"RLA496830S",0.647,10.647,-0.36675,2019-02-14 11:05:00
"1282",-461,"RLA496830S",0.647,10.6548125,-0.375715,2019-02-14 11:05:00
"1283",-424,"RLA496830S",0.647,10.662625,-0.34556,2019-02-14 11:05:00
"1284",-385,"RLA496830S",0.647,10.6704375,-0.313775,2019-02-14 11:05:00
"1285",-384,"RLA496830S",0.647,10.67825,-0.31296,2019-02-14 11:05:00
"1286",-385,"RLA496830S",0.647,10.6860625,-0.313775,2019-02-14 11:05:00
"1287",-378,"RLA496830S",0.647,10.693875,-0.30807,2019-02-14 11:05:00
"1288",-379,"RLA496830S",0.647,10.7016875,-0.308885,2019-02-14 11:05:00
"1289",-380,"RLA496830S",0.647,10.7095,-0.3097,2019-02-14 11:05:00
"1290",-379,"RLA496830S",0.647,10.7173125,-0.308885,2019-02-14 11:05:00
"1291",-371,"RLA496830S",0.647,10.725125,-0.302365,2019-02-14 11:05:00
"1292",-390,"RLA496830S",0.647,10.7329375,-0.31785,2019-02-14 11:05:00
"1293",-541,"RLA496830S",0.647,10.74075,-0.440915,2019-02-14 11:05:00
"1294",-865,"RLA496830S",0.647,10.7485625,-0.704975,2019-02-14 11:05:00
"1295",-1033,"RLA496830S",0.647,10.756375,-0.841895,2019-02-14 11:05:00
"1296",-265,"RLA496830S",0.647,10.7641875,-0.215975,2019-02-14 11:05:00
"1297",-129,"RLA496830S",0.647,10.772,-0.105135,2019-02-14 11:05:00
