"","waveform","serial","offset","time.sec","voltage.mv","date.time"
"1",-456,"RLA496830S",0.737,0.737,-0.37164,2019-10-30 17:05:00
"2",-272,"RLA496830S",0.737,0.7448125,-0.22168,2019-10-30 17:05:00
"3",-376,"RLA496830S",0.737,0.752625,-0.30644,2019-10-30 17:05:00
"4",-480,"RLA496830S",0.737,0.7604375,-0.3912,2019-10-30 17:05:00
"5",-414,"RLA496830S",0.737,0.76825,-0.33741,2019-10-30 17:05:00
"6",-380,"RLA496830S",0.737,0.7760625,-0.3097,2019-10-30 17:05:00
"7",-380,"RLA496830S",0.737,0.783875,-0.3097,2019-10-30 17:05:00
"8",-372,"RLA496830S",0.737,0.7916875,-0.30318,2019-10-30 17:05:00
"9",-382,"RLA496830S",0.737,0.7995,-0.31133,2019-10-30 17:05:00
"10",-382,"RLA496830S",0.737,0.8073125,-0.31133,2019-10-30 17:05:00
"11",-371,"RLA496830S",0.737,0.815125,-0.302365,2019-10-30 17:05:00
"12",-373,"RLA496830S",0.737,0.8229375,-0.303995,2019-10-30 17:05:00
"13",-382,"RLA496830S",0.737,0.83075,-0.31133,2019-10-30 17:05:00
"14",-391,"RLA496830S",0.737,0.8385625,-0.318665,2019-10-30 17:05:00
"15",-396,"RLA496830S",0.737,0.846375,-0.32274,2019-10-30 17:05:00
"16",-415,"RLA496830S",0.737,0.8541875,-0.338225,2019-10-30 17:05:00
"17",-430,"RLA496830S",0.737,0.862,-0.35045,2019-10-30 17:05:00
"18",-438,"RLA496830S",0.737,0.8698125,-0.35697,2019-10-30 17:05:00
"19",-471,"RLA496830S",0.737,0.877625,-0.383865,2019-10-30 17:05:00
"20",-514,"RLA496830S",0.737,0.8854375,-0.41891,2019-10-30 17:05:00
"21",-546,"RLA496830S",0.737,0.89325,-0.44499,2019-10-30 17:05:00
"22",-576,"RLA496830S",0.737,0.9010625,-0.46944,2019-10-30 17:05:00
"23",-608,"RLA496830S",0.737,0.908875,-0.49552,2019-10-30 17:05:00
"24",-654,"RLA496830S",0.737,0.9166875,-0.53301,2019-10-30 17:05:00
"25",-661,"RLA496830S",0.737,0.9245,-0.538715,2019-10-30 17:05:00
"26",-601,"RLA496830S",0.737,0.9323125,-0.489815,2019-10-30 17:05:00
"27",-495,"RLA496830S",0.737,0.940125,-0.403425,2019-10-30 17:05:00
"28",-403,"RLA496830S",0.737,0.9479375,-0.328445,2019-10-30 17:05:00
"29",-352,"RLA496830S",0.737,0.95575,-0.28688,2019-10-30 17:05:00
"30",-328,"RLA496830S",0.737,0.9635625,-0.26732,2019-10-30 17:05:00
"31",-318,"RLA496830S",0.737,0.971375,-0.25917,2019-10-30 17:05:00
"32",-316,"RLA496830S",0.737,0.9791875,-0.25754,2019-10-30 17:05:00
"33",-314,"RLA496830S",0.737,0.987,-0.25591,2019-10-30 17:05:00
"34",-314,"RLA496830S",0.737,0.9948125,-0.25591,2019-10-30 17:05:00
"35",-315,"RLA496830S",0.737,1.002625,-0.256725,2019-10-30 17:05:00
"36",-320,"RLA496830S",0.737,1.0104375,-0.2608,2019-10-30 17:05:00
"37",-325,"RLA496830S",0.737,1.01825,-0.264875,2019-10-30 17:05:00
"38",-326,"RLA496830S",0.737,1.0260625,-0.26569,2019-10-30 17:05:00
"39",-328,"RLA496830S",0.737,1.033875,-0.26732,2019-10-30 17:05:00
"40",-333,"RLA496830S",0.737,1.0416875,-0.271395,2019-10-30 17:05:00
"41",-332,"RLA496830S",0.737,1.0495,-0.27058,2019-10-30 17:05:00
"42",-330,"RLA496830S",0.737,1.0573125,-0.26895,2019-10-30 17:05:00
"43",-333,"RLA496830S",0.737,1.065125,-0.271395,2019-10-30 17:05:00
"44",-336,"RLA496830S",0.737,1.0729375,-0.27384,2019-10-30 17:05:00
"45",-333,"RLA496830S",0.737,1.08075,-0.271395,2019-10-30 17:05:00
"46",-333,"RLA496830S",0.737,1.0885625,-0.271395,2019-10-30 17:05:00
"47",-336,"RLA496830S",0.737,1.096375,-0.27384,2019-10-30 17:05:00
"48",-334,"RLA496830S",0.737,1.1041875,-0.27221,2019-10-30 17:05:00
"49",-334,"RLA496830S",0.737,1.112,-0.27221,2019-10-30 17:05:00
"50",-335,"RLA496830S",0.737,1.1198125,-0.273025,2019-10-30 17:05:00
"51",-334,"RLA496830S",0.737,1.127625,-0.27221,2019-10-30 17:05:00
"52",-333,"RLA496830S",0.737,1.1354375,-0.271395,2019-10-30 17:05:00
"53",-330,"RLA496830S",0.737,1.14325,-0.26895,2019-10-30 17:05:00
"54",-330,"RLA496830S",0.737,1.1510625,-0.26895,2019-10-30 17:05:00
"55",-335,"RLA496830S",0.737,1.158875,-0.273025,2019-10-30 17:05:00
"56",-336,"RLA496830S",0.737,1.1666875,-0.27384,2019-10-30 17:05:00
"57",-336,"RLA496830S",0.737,1.1745,-0.27384,2019-10-30 17:05:00
"58",-334,"RLA496830S",0.737,1.1823125,-0.27221,2019-10-30 17:05:00
"59",-334,"RLA496830S",0.737,1.190125,-0.27221,2019-10-30 17:05:00
"60",-338,"RLA496830S",0.737,1.1979375,-0.27547,2019-10-30 17:05:00
"61",-337,"RLA496830S",0.737,1.20575,-0.274655,2019-10-30 17:05:00
"62",-340,"RLA496830S",0.737,1.2135625,-0.2771,2019-10-30 17:05:00
"63",-355,"RLA496830S",0.737,1.221375,-0.289325,2019-10-30 17:05:00
"64",-377,"RLA496830S",0.737,1.2291875,-0.307255,2019-10-30 17:05:00
"65",-392,"RLA496830S",0.737,1.237,-0.31948,2019-10-30 17:05:00
"66",-390,"RLA496830S",0.737,1.2448125,-0.31785,2019-10-30 17:05:00
"67",-411,"RLA496830S",0.737,1.252625,-0.334965,2019-10-30 17:05:00
"68",-570,"RLA496830S",0.737,1.2604375,-0.46455,2019-10-30 17:05:00
"69",-680,"RLA496830S",0.737,1.26825,-0.5542,2019-10-30 17:05:00
"70",-481,"RLA496830S",0.737,1.2760625,-0.392015,2019-10-30 17:05:00
"71",-287,"RLA496830S",0.737,1.283875,-0.233905,2019-10-30 17:05:00
"72",-348,"RLA496830S",0.737,1.2916875,-0.28362,2019-10-30 17:05:00
"73",-363,"RLA496830S",0.737,1.2995,-0.295845,2019-10-30 17:05:00
"74",-342,"RLA496830S",0.737,1.3073125,-0.27873,2019-10-30 17:05:00
"75",-362,"RLA496830S",0.737,1.315125,-0.29503,2019-10-30 17:05:00
"76",-379,"RLA496830S",0.737,1.3229375,-0.308885,2019-10-30 17:05:00
"77",-375,"RLA496830S",0.737,1.33075,-0.305625,2019-10-30 17:05:00
"78",-377,"RLA496830S",0.737,1.3385625,-0.307255,2019-10-30 17:05:00
"79",-369,"RLA496830S",0.737,1.346375,-0.300735,2019-10-30 17:05:00
"80",-344,"RLA496830S",0.737,1.3541875,-0.28036,2019-10-30 17:05:00
"81",-403,"RLA496830S",0.737,1.362,-0.328445,2019-10-30 17:05:00
"82",-659,"RLA496830S",0.737,1.3698125,-0.537085,2019-10-30 17:05:00
"83",-851,"RLA496830S",0.737,1.377625,-0.693565,2019-10-30 17:05:00
"84",-681,"RLA496830S",0.737,1.3854375,-0.555015,2019-10-30 17:05:00
"85",-452,"RLA496830S",0.737,1.39325,-0.36838,2019-10-30 17:05:00
"86",-448,"RLA496830S",0.737,1.4010625,-0.36512,2019-10-30 17:05:00
"87",-449,"RLA496830S",0.737,1.408875,-0.365935,2019-10-30 17:05:00
"88",-394,"RLA496830S",0.737,1.4166875,-0.32111,2019-10-30 17:05:00
"89",-390,"RLA496830S",0.737,1.4245,-0.31785,2019-10-30 17:05:00
"90",-371,"RLA496830S",0.737,1.4323125,-0.302365,2019-10-30 17:05:00
"91",-357,"RLA496830S",0.737,1.440125,-0.290955,2019-10-30 17:05:00
"92",-359,"RLA496830S",0.737,1.4479375,-0.292585,2019-10-30 17:05:00
"93",-365,"RLA496830S",0.737,1.45575,-0.297475,2019-10-30 17:05:00
"94",-358,"RLA496830S",0.737,1.4635625,-0.29177,2019-10-30 17:05:00
"95",-371,"RLA496830S",0.737,1.471375,-0.302365,2019-10-30 17:05:00
"96",-368,"RLA496830S",0.737,1.4791875,-0.29992,2019-10-30 17:05:00
"97",-375,"RLA496830S",0.737,1.487,-0.305625,2019-10-30 17:05:00
"98",-378,"RLA496830S",0.737,1.4948125,-0.30807,2019-10-30 17:05:00
"99",-370,"RLA496830S",0.737,1.502625,-0.30155,2019-10-30 17:05:00
"100",-400,"RLA496830S",0.737,1.5104375,-0.326,2019-10-30 17:05:00
"101",-423,"RLA496830S",0.737,1.51825,-0.344745,2019-10-30 17:05:00
"102",-438,"RLA496830S",0.737,1.5260625,-0.35697,2019-10-30 17:05:00
"103",-458,"RLA496830S",0.737,1.533875,-0.37327,2019-10-30 17:05:00
"104",-488,"RLA496830S",0.737,1.5416875,-0.39772,2019-10-30 17:05:00
"105",-518,"RLA496830S",0.737,1.5495,-0.42217,2019-10-30 17:05:00
"106",-545,"RLA496830S",0.737,1.5573125,-0.444175,2019-10-30 17:05:00
"107",-580,"RLA496830S",0.737,1.565125,-0.4727,2019-10-30 17:05:00
"108",-594,"RLA496830S",0.737,1.5729375,-0.48411,2019-10-30 17:05:00
"109",-548,"RLA496830S",0.737,1.58075,-0.44662,2019-10-30 17:05:00
"110",-468,"RLA496830S",0.737,1.5885625,-0.38142,2019-10-30 17:05:00
"111",-394,"RLA496830S",0.737,1.596375,-0.32111,2019-10-30 17:05:00
"112",-349,"RLA496830S",0.737,1.6041875,-0.284435,2019-10-30 17:05:00
"113",-334,"RLA496830S",0.737,1.612,-0.27221,2019-10-30 17:05:00
"114",-318,"RLA496830S",0.737,1.6198125,-0.25917,2019-10-30 17:05:00
"115",-316,"RLA496830S",0.737,1.627625,-0.25754,2019-10-30 17:05:00
"116",-320,"RLA496830S",0.737,1.6354375,-0.2608,2019-10-30 17:05:00
"117",-323,"RLA496830S",0.737,1.64325,-0.263245,2019-10-30 17:05:00
"118",-323,"RLA496830S",0.737,1.6510625,-0.263245,2019-10-30 17:05:00
"119",-323,"RLA496830S",0.737,1.658875,-0.263245,2019-10-30 17:05:00
"120",-327,"RLA496830S",0.737,1.6666875,-0.266505,2019-10-30 17:05:00
"121",-329,"RLA496830S",0.737,1.6745,-0.268135,2019-10-30 17:05:00
"122",-332,"RLA496830S",0.737,1.6823125,-0.27058,2019-10-30 17:05:00
"123",-336,"RLA496830S",0.737,1.690125,-0.27384,2019-10-30 17:05:00
"124",-337,"RLA496830S",0.737,1.6979375,-0.274655,2019-10-30 17:05:00
"125",-336,"RLA496830S",0.737,1.70575,-0.27384,2019-10-30 17:05:00
"126",-335,"RLA496830S",0.737,1.7135625,-0.273025,2019-10-30 17:05:00
"127",-337,"RLA496830S",0.737,1.721375,-0.274655,2019-10-30 17:05:00
"128",-339,"RLA496830S",0.737,1.7291875,-0.276285,2019-10-30 17:05:00
"129",-336,"RLA496830S",0.737,1.737,-0.27384,2019-10-30 17:05:00
"130",-336,"RLA496830S",0.737,1.7448125,-0.27384,2019-10-30 17:05:00
"131",-341,"RLA496830S",0.737,1.752625,-0.277915,2019-10-30 17:05:00
"132",-344,"RLA496830S",0.737,1.7604375,-0.28036,2019-10-30 17:05:00
"133",-346,"RLA496830S",0.737,1.76825,-0.28199,2019-10-30 17:05:00
"134",-341,"RLA496830S",0.737,1.7760625,-0.277915,2019-10-30 17:05:00
"135",-335,"RLA496830S",0.737,1.783875,-0.273025,2019-10-30 17:05:00
"136",-339,"RLA496830S",0.737,1.7916875,-0.276285,2019-10-30 17:05:00
"137",-341,"RLA496830S",0.737,1.7995,-0.277915,2019-10-30 17:05:00
"138",-338,"RLA496830S",0.737,1.8073125,-0.27547,2019-10-30 17:05:00
"139",-342,"RLA496830S",0.737,1.815125,-0.27873,2019-10-30 17:05:00
"140",-344,"RLA496830S",0.737,1.8229375,-0.28036,2019-10-30 17:05:00
"141",-340,"RLA496830S",0.737,1.83075,-0.2771,2019-10-30 17:05:00
"142",-341,"RLA496830S",0.737,1.8385625,-0.277915,2019-10-30 17:05:00
"143",-348,"RLA496830S",0.737,1.846375,-0.28362,2019-10-30 17:05:00
"144",-364,"RLA496830S",0.737,1.8541875,-0.29666,2019-10-30 17:05:00
"145",-385,"RLA496830S",0.737,1.862,-0.313775,2019-10-30 17:05:00
"146",-398,"RLA496830S",0.737,1.8698125,-0.32437,2019-10-30 17:05:00
"147",-426,"RLA496830S",0.737,1.877625,-0.34719,2019-10-30 17:05:00
"148",-520,"RLA496830S",0.737,1.8854375,-0.4238,2019-10-30 17:05:00
"149",-650,"RLA496830S",0.737,1.89325,-0.52975,2019-10-30 17:05:00
"150",-664,"RLA496830S",0.737,1.9010625,-0.54116,2019-10-30 17:05:00
"151",-467,"RLA496830S",0.737,1.908875,-0.380605,2019-10-30 17:05:00
"152",-296,"RLA496830S",0.737,1.9166875,-0.24124,2019-10-30 17:05:00
"153",-342,"RLA496830S",0.737,1.9245,-0.27873,2019-10-30 17:05:00
"154",-352,"RLA496830S",0.737,1.9323125,-0.28688,2019-10-30 17:05:00
"155",-337,"RLA496830S",0.737,1.940125,-0.274655,2019-10-30 17:05:00
"156",-347,"RLA496830S",0.737,1.9479375,-0.282805,2019-10-30 17:05:00
"157",-367,"RLA496830S",0.737,1.95575,-0.299105,2019-10-30 17:05:00
"158",-386,"RLA496830S",0.737,1.9635625,-0.31459,2019-10-30 17:05:00
"159",-391,"RLA496830S",0.737,1.971375,-0.318665,2019-10-30 17:05:00
"160",-365,"RLA496830S",0.737,1.9791875,-0.297475,2019-10-30 17:05:00
"161",-374,"RLA496830S",0.737,1.987,-0.30481,2019-10-30 17:05:00
"162",-511,"RLA496830S",0.737,1.9948125,-0.416465,2019-10-30 17:05:00
"163",-747,"RLA496830S",0.737,2.002625,-0.608805,2019-10-30 17:05:00
"164",-766,"RLA496830S",0.737,2.0104375,-0.62429,2019-10-30 17:05:00
"165",-559,"RLA496830S",0.737,2.01825,-0.455585,2019-10-30 17:05:00
"166",-497,"RLA496830S",0.737,2.0260625,-0.405055,2019-10-30 17:05:00
"167",-477,"RLA496830S",0.737,2.033875,-0.388755,2019-10-30 17:05:00
"168",-407,"RLA496830S",0.737,2.0416875,-0.331705,2019-10-30 17:05:00
"169",-388,"RLA496830S",0.737,2.0495,-0.31622,2019-10-30 17:05:00
"170",-376,"RLA496830S",0.737,2.0573125,-0.30644,2019-10-30 17:05:00
"171",-365,"RLA496830S",0.737,2.065125,-0.297475,2019-10-30 17:05:00
"172",-350,"RLA496830S",0.737,2.0729375,-0.28525,2019-10-30 17:05:00
"173",-366,"RLA496830S",0.737,2.08075,-0.29829,2019-10-30 17:05:00
"174",-372,"RLA496830S",0.737,2.0885625,-0.30318,2019-10-30 17:05:00
"175",-366,"RLA496830S",0.737,2.096375,-0.29829,2019-10-30 17:05:00
"176",-370,"RLA496830S",0.737,2.1041875,-0.30155,2019-10-30 17:05:00
"177",-364,"RLA496830S",0.737,2.112,-0.29666,2019-10-30 17:05:00
"178",-376,"RLA496830S",0.737,2.1198125,-0.30644,2019-10-30 17:05:00
"179",-384,"RLA496830S",0.737,2.127625,-0.31296,2019-10-30 17:05:00
"180",-396,"RLA496830S",0.737,2.1354375,-0.32274,2019-10-30 17:05:00
"181",-413,"RLA496830S",0.737,2.14325,-0.336595,2019-10-30 17:05:00
"182",-427,"RLA496830S",0.737,2.1510625,-0.348005,2019-10-30 17:05:00
"183",-448,"RLA496830S",0.737,2.158875,-0.36512,2019-10-30 17:05:00
"184",-457,"RLA496830S",0.737,2.1666875,-0.372455,2019-10-30 17:05:00
"185",-483,"RLA496830S",0.737,2.1745,-0.393645,2019-10-30 17:05:00
"186",-517,"RLA496830S",0.737,2.1823125,-0.421355,2019-10-30 17:05:00
"187",-544,"RLA496830S",0.737,2.190125,-0.44336,2019-10-30 17:05:00
"188",-576,"RLA496830S",0.737,2.1979375,-0.46944,2019-10-30 17:05:00
"189",-579,"RLA496830S",0.737,2.20575,-0.471885,2019-10-30 17:05:00
"190",-511,"RLA496830S",0.737,2.2135625,-0.416465,2019-10-30 17:05:00
"191",-420,"RLA496830S",0.737,2.221375,-0.3423,2019-10-30 17:05:00
"192",-361,"RLA496830S",0.737,2.2291875,-0.294215,2019-10-30 17:05:00
"193",-354,"RLA496830S",0.737,2.237,-0.28851,2019-10-30 17:05:00
"194",-343,"RLA496830S",0.737,2.2448125,-0.279545,2019-10-30 17:05:00
"195",-329,"RLA496830S",0.737,2.252625,-0.268135,2019-10-30 17:05:00
"196",-325,"RLA496830S",0.737,2.2604375,-0.264875,2019-10-30 17:05:00
"197",-325,"RLA496830S",0.737,2.26825,-0.264875,2019-10-30 17:05:00
"198",-329,"RLA496830S",0.737,2.2760625,-0.268135,2019-10-30 17:05:00
"199",-328,"RLA496830S",0.737,2.283875,-0.26732,2019-10-30 17:05:00
"200",-334,"RLA496830S",0.737,2.2916875,-0.27221,2019-10-30 17:05:00
"201",-343,"RLA496830S",0.737,2.2995,-0.279545,2019-10-30 17:05:00
"202",-343,"RLA496830S",0.737,2.3073125,-0.279545,2019-10-30 17:05:00
"203",-342,"RLA496830S",0.737,2.315125,-0.27873,2019-10-30 17:05:00
"204",-344,"RLA496830S",0.737,2.3229375,-0.28036,2019-10-30 17:05:00
"205",-341,"RLA496830S",0.737,2.33075,-0.277915,2019-10-30 17:05:00
"206",-342,"RLA496830S",0.737,2.3385625,-0.27873,2019-10-30 17:05:00
"207",-349,"RLA496830S",0.737,2.346375,-0.284435,2019-10-30 17:05:00
"208",-352,"RLA496830S",0.737,2.3541875,-0.28688,2019-10-30 17:05:00
"209",-347,"RLA496830S",0.737,2.362,-0.282805,2019-10-30 17:05:00
"210",-348,"RLA496830S",0.737,2.3698125,-0.28362,2019-10-30 17:05:00
"211",-351,"RLA496830S",0.737,2.377625,-0.286065,2019-10-30 17:05:00
"212",-348,"RLA496830S",0.737,2.3854375,-0.28362,2019-10-30 17:05:00
"213",-348,"RLA496830S",0.737,2.39325,-0.28362,2019-10-30 17:05:00
"214",-349,"RLA496830S",0.737,2.4010625,-0.284435,2019-10-30 17:05:00
"215",-347,"RLA496830S",0.737,2.408875,-0.282805,2019-10-30 17:05:00
"216",-347,"RLA496830S",0.737,2.4166875,-0.282805,2019-10-30 17:05:00
"217",-350,"RLA496830S",0.737,2.4245,-0.28525,2019-10-30 17:05:00
"218",-350,"RLA496830S",0.737,2.4323125,-0.28525,2019-10-30 17:05:00
"219",-349,"RLA496830S",0.737,2.440125,-0.284435,2019-10-30 17:05:00
"220",-349,"RLA496830S",0.737,2.4479375,-0.284435,2019-10-30 17:05:00
"221",-351,"RLA496830S",0.737,2.45575,-0.286065,2019-10-30 17:05:00
"222",-355,"RLA496830S",0.737,2.4635625,-0.289325,2019-10-30 17:05:00
"223",-366,"RLA496830S",0.737,2.471375,-0.29829,2019-10-30 17:05:00
"224",-391,"RLA496830S",0.737,2.4791875,-0.318665,2019-10-30 17:05:00
"225",-407,"RLA496830S",0.737,2.487,-0.331705,2019-10-30 17:05:00
"226",-405,"RLA496830S",0.737,2.4948125,-0.330075,2019-10-30 17:05:00
"227",-433,"RLA496830S",0.737,2.502625,-0.352895,2019-10-30 17:05:00
"228",-579,"RLA496830S",0.737,2.5104375,-0.471885,2019-10-30 17:05:00
"229",-660,"RLA496830S",0.737,2.51825,-0.5379,2019-10-30 17:05:00
"230",-480,"RLA496830S",0.737,2.5260625,-0.3912,2019-10-30 17:05:00
"231",-321,"RLA496830S",0.737,2.533875,-0.261615,2019-10-30 17:05:00
"232",-363,"RLA496830S",0.737,2.5416875,-0.295845,2019-10-30 17:05:00
"233",-368,"RLA496830S",0.737,2.5495,-0.29992,2019-10-30 17:05:00
"234",-353,"RLA496830S",0.737,2.5573125,-0.287695,2019-10-30 17:05:00
"235",-367,"RLA496830S",0.737,2.565125,-0.299105,2019-10-30 17:05:00
"236",-389,"RLA496830S",0.737,2.5729375,-0.317035,2019-10-30 17:05:00
"237",-409,"RLA496830S",0.737,2.58075,-0.333335,2019-10-30 17:05:00
"238",-415,"RLA496830S",0.737,2.5885625,-0.338225,2019-10-30 17:05:00
"239",-392,"RLA496830S",0.737,2.596375,-0.31948,2019-10-30 17:05:00
"240",-406,"RLA496830S",0.737,2.6041875,-0.33089,2019-10-30 17:05:00
"241",-576,"RLA496830S",0.737,2.612,-0.46944,2019-10-30 17:05:00
"242",-833,"RLA496830S",0.737,2.6198125,-0.678895,2019-10-30 17:05:00
"243",-857,"RLA496830S",0.737,2.627625,-0.698455,2019-10-30 17:05:00
"244",-622,"RLA496830S",0.737,2.6354375,-0.50693,2019-10-30 17:05:00
"245",-500,"RLA496830S",0.737,2.64325,-0.4075,2019-10-30 17:05:00
"246",-459,"RLA496830S",0.737,2.6510625,-0.374085,2019-10-30 17:05:00
"247",-418,"RLA496830S",0.737,2.658875,-0.34067,2019-10-30 17:05:00
"248",-396,"RLA496830S",0.737,2.6666875,-0.32274,2019-10-30 17:05:00
"249",-376,"RLA496830S",0.737,2.6745,-0.30644,2019-10-30 17:05:00
"250",-366,"RLA496830S",0.737,2.6823125,-0.29829,2019-10-30 17:05:00
"251",-365,"RLA496830S",0.737,2.690125,-0.297475,2019-10-30 17:05:00
"252",-373,"RLA496830S",0.737,2.6979375,-0.303995,2019-10-30 17:05:00
"253",-374,"RLA496830S",0.737,2.70575,-0.30481,2019-10-30 17:05:00
"254",-394,"RLA496830S",0.737,2.7135625,-0.32111,2019-10-30 17:05:00
"255",-402,"RLA496830S",0.737,2.721375,-0.32763,2019-10-30 17:05:00
"256",-382,"RLA496830S",0.737,2.7291875,-0.31133,2019-10-30 17:05:00
"257",-394,"RLA496830S",0.737,2.737,-0.32111,2019-10-30 17:05:00
"258",-404,"RLA496830S",0.737,2.7448125,-0.32926,2019-10-30 17:05:00
"259",-415,"RLA496830S",0.737,2.752625,-0.338225,2019-10-30 17:05:00
"260",-434,"RLA496830S",0.737,2.7604375,-0.35371,2019-10-30 17:05:00
"261",-454,"RLA496830S",0.737,2.76825,-0.37001,2019-10-30 17:05:00
"262",-479,"RLA496830S",0.737,2.7760625,-0.390385,2019-10-30 17:05:00
"263",-504,"RLA496830S",0.737,2.783875,-0.41076,2019-10-30 17:05:00
"264",-546,"RLA496830S",0.737,2.7916875,-0.44499,2019-10-30 17:05:00
"265",-575,"RLA496830S",0.737,2.7995,-0.468625,2019-10-30 17:05:00
"266",-610,"RLA496830S",0.737,2.8073125,-0.49715,2019-10-30 17:05:00
"267",-633,"RLA496830S",0.737,2.815125,-0.515895,2019-10-30 17:05:00
"268",-597,"RLA496830S",0.737,2.8229375,-0.486555,2019-10-30 17:05:00
"269",-514,"RLA496830S",0.737,2.83075,-0.41891,2019-10-30 17:05:00
"270",-430,"RLA496830S",0.737,2.8385625,-0.35045,2019-10-30 17:05:00
"271",-375,"RLA496830S",0.737,2.846375,-0.305625,2019-10-30 17:05:00
"272",-346,"RLA496830S",0.737,2.8541875,-0.28199,2019-10-30 17:05:00
"273",-337,"RLA496830S",0.737,2.862,-0.274655,2019-10-30 17:05:00
"274",-333,"RLA496830S",0.737,2.8698125,-0.271395,2019-10-30 17:05:00
"275",-330,"RLA496830S",0.737,2.877625,-0.26895,2019-10-30 17:05:00
"276",-329,"RLA496830S",0.737,2.8854375,-0.268135,2019-10-30 17:05:00
"277",-334,"RLA496830S",0.737,2.89325,-0.27221,2019-10-30 17:05:00
"278",-334,"RLA496830S",0.737,2.9010625,-0.27221,2019-10-30 17:05:00
"279",-336,"RLA496830S",0.737,2.908875,-0.27384,2019-10-30 17:05:00
"280",-343,"RLA496830S",0.737,2.9166875,-0.279545,2019-10-30 17:05:00
"281",-345,"RLA496830S",0.737,2.9245,-0.281175,2019-10-30 17:05:00
"282",-347,"RLA496830S",0.737,2.9323125,-0.282805,2019-10-30 17:05:00
"283",-350,"RLA496830S",0.737,2.940125,-0.28525,2019-10-30 17:05:00
"284",-352,"RLA496830S",0.737,2.9479375,-0.28688,2019-10-30 17:05:00
"285",-353,"RLA496830S",0.737,2.95575,-0.287695,2019-10-30 17:05:00
"286",-353,"RLA496830S",0.737,2.9635625,-0.287695,2019-10-30 17:05:00
"287",-355,"RLA496830S",0.737,2.971375,-0.289325,2019-10-30 17:05:00
"288",-354,"RLA496830S",0.737,2.9791875,-0.28851,2019-10-30 17:05:00
"289",-353,"RLA496830S",0.737,2.987,-0.287695,2019-10-30 17:05:00
"290",-352,"RLA496830S",0.737,2.9948125,-0.28688,2019-10-30 17:05:00
"291",-353,"RLA496830S",0.737,3.002625,-0.287695,2019-10-30 17:05:00
"292",-356,"RLA496830S",0.737,3.0104375,-0.29014,2019-10-30 17:05:00
"293",-355,"RLA496830S",0.737,3.01825,-0.289325,2019-10-30 17:05:00
"294",-352,"RLA496830S",0.737,3.0260625,-0.28688,2019-10-30 17:05:00
"295",-349,"RLA496830S",0.737,3.033875,-0.284435,2019-10-30 17:05:00
"296",-355,"RLA496830S",0.737,3.0416875,-0.289325,2019-10-30 17:05:00
"297",-358,"RLA496830S",0.737,3.0495,-0.29177,2019-10-30 17:05:00
"298",-353,"RLA496830S",0.737,3.0573125,-0.287695,2019-10-30 17:05:00
"299",-350,"RLA496830S",0.737,3.065125,-0.28525,2019-10-30 17:05:00
"300",-356,"RLA496830S",0.737,3.0729375,-0.29014,2019-10-30 17:05:00
"301",-360,"RLA496830S",0.737,3.08075,-0.2934,2019-10-30 17:05:00
"302",-356,"RLA496830S",0.737,3.0885625,-0.29014,2019-10-30 17:05:00
"303",-353,"RLA496830S",0.737,3.096375,-0.287695,2019-10-30 17:05:00
"304",-360,"RLA496830S",0.737,3.1041875,-0.2934,2019-10-30 17:05:00
"305",-364,"RLA496830S",0.737,3.112,-0.29666,2019-10-30 17:05:00
"306",-361,"RLA496830S",0.737,3.1198125,-0.294215,2019-10-30 17:05:00
"307",-361,"RLA496830S",0.737,3.127625,-0.294215,2019-10-30 17:05:00
"308",-362,"RLA496830S",0.737,3.1354375,-0.29503,2019-10-30 17:05:00
"309",-360,"RLA496830S",0.737,3.14325,-0.2934,2019-10-30 17:05:00
"310",-362,"RLA496830S",0.737,3.1510625,-0.29503,2019-10-30 17:05:00
"311",-368,"RLA496830S",0.737,3.158875,-0.29992,2019-10-30 17:05:00
"312",-365,"RLA496830S",0.737,3.1666875,-0.297475,2019-10-30 17:05:00
"313",-368,"RLA496830S",0.737,3.1745,-0.29992,2019-10-30 17:05:00
"314",-380,"RLA496830S",0.737,3.1823125,-0.3097,2019-10-30 17:05:00
"315",-398,"RLA496830S",0.737,3.190125,-0.32437,2019-10-30 17:05:00
"316",-419,"RLA496830S",0.737,3.1979375,-0.341485,2019-10-30 17:05:00
"317",-422,"RLA496830S",0.737,3.20575,-0.34393,2019-10-30 17:05:00
"318",-439,"RLA496830S",0.737,3.2135625,-0.357785,2019-10-30 17:05:00
"319",-593,"RLA496830S",0.737,3.221375,-0.483295,2019-10-30 17:05:00
"320",-759,"RLA496830S",0.737,3.2291875,-0.618585,2019-10-30 17:05:00
"321",-541,"RLA496830S",0.737,3.237,-0.440915,2019-10-30 17:05:00
"322",-355,"RLA496830S",0.737,3.2448125,-0.289325,2019-10-30 17:05:00
"323",-366,"RLA496830S",0.737,3.252625,-0.29829,2019-10-30 17:05:00
"324",-409,"RLA496830S",0.737,3.2604375,-0.333335,2019-10-30 17:05:00
"325",-431,"RLA496830S",0.737,3.26825,-0.351265,2019-10-30 17:05:00
"326",-453,"RLA496830S",0.737,3.2760625,-0.369195,2019-10-30 17:05:00
"327",-477,"RLA496830S",0.737,3.283875,-0.388755,2019-10-30 17:05:00
"328",-467,"RLA496830S",0.737,3.2916875,-0.380605,2019-10-30 17:05:00
"329",-457,"RLA496830S",0.737,3.2995,-0.372455,2019-10-30 17:05:00
"330",-422,"RLA496830S",0.737,3.3073125,-0.34393,2019-10-30 17:05:00
"331",-377,"RLA496830S",0.737,3.315125,-0.307255,2019-10-30 17:05:00
"332",-364,"RLA496830S",0.737,3.3229375,-0.29666,2019-10-30 17:05:00
"333",-506,"RLA496830S",0.737,3.33075,-0.41239,2019-10-30 17:05:00
"334",-849,"RLA496830S",0.737,3.3385625,-0.691935,2019-10-30 17:05:00
"335",-1016,"RLA496830S",0.737,3.346375,-0.82804,2019-10-30 17:05:00
"336",-649,"RLA496830S",0.737,3.3541875,-0.528935,2019-10-30 17:05:00
"337",-386,"RLA496830S",0.737,3.362,-0.31459,2019-10-30 17:05:00
"338",-368,"RLA496830S",0.737,3.3698125,-0.29992,2019-10-30 17:05:00
"339",-433,"RLA496830S",0.737,3.377625,-0.352895,2019-10-30 17:05:00
"340",-426,"RLA496830S",0.737,3.3854375,-0.34719,2019-10-30 17:05:00
"341",-393,"RLA496830S",0.737,3.39325,-0.320295,2019-10-30 17:05:00
"342",-377,"RLA496830S",0.737,3.4010625,-0.307255,2019-10-30 17:05:00
"343",-374,"RLA496830S",0.737,3.408875,-0.30481,2019-10-30 17:05:00
"344",-396,"RLA496830S",0.737,3.4166875,-0.32274,2019-10-30 17:05:00
"345",-400,"RLA496830S",0.737,3.4245,-0.326,2019-10-30 17:05:00
"346",-396,"RLA496830S",0.737,3.4323125,-0.32274,2019-10-30 17:05:00
"347",-399,"RLA496830S",0.737,3.440125,-0.325185,2019-10-30 17:05:00
"348",-403,"RLA496830S",0.737,3.4479375,-0.328445,2019-10-30 17:05:00
"349",-411,"RLA496830S",0.737,3.45575,-0.334965,2019-10-30 17:05:00
"350",-421,"RLA496830S",0.737,3.4635625,-0.343115,2019-10-30 17:05:00
"351",-437,"RLA496830S",0.737,3.471375,-0.356155,2019-10-30 17:05:00
"352",-457,"RLA496830S",0.737,3.4791875,-0.372455,2019-10-30 17:05:00
"353",-476,"RLA496830S",0.737,3.487,-0.38794,2019-10-30 17:05:00
"354",-509,"RLA496830S",0.737,3.4948125,-0.414835,2019-10-30 17:05:00
"355",-544,"RLA496830S",0.737,3.502625,-0.44336,2019-10-30 17:05:00
"356",-576,"RLA496830S",0.737,3.5104375,-0.46944,2019-10-30 17:05:00
"357",-609,"RLA496830S",0.737,3.51825,-0.496335,2019-10-30 17:05:00
"358",-649,"RLA496830S",0.737,3.5260625,-0.528935,2019-10-30 17:05:00
"359",-692,"RLA496830S",0.737,3.533875,-0.56398,2019-10-30 17:05:00
"360",-702,"RLA496830S",0.737,3.5416875,-0.57213,2019-10-30 17:05:00
"361",-623,"RLA496830S",0.737,3.5495,-0.507745,2019-10-30 17:05:00
"362",-503,"RLA496830S",0.737,3.5573125,-0.409945,2019-10-30 17:05:00
"363",-408,"RLA496830S",0.737,3.565125,-0.33252,2019-10-30 17:05:00
"364",-358,"RLA496830S",0.737,3.5729375,-0.29177,2019-10-30 17:05:00
"365",-330,"RLA496830S",0.737,3.58075,-0.26895,2019-10-30 17:05:00
"366",-315,"RLA496830S",0.737,3.5885625,-0.256725,2019-10-30 17:05:00
"367",-314,"RLA496830S",0.737,3.596375,-0.25591,2019-10-30 17:05:00
"368",-320,"RLA496830S",0.737,3.6041875,-0.2608,2019-10-30 17:05:00
"369",-326,"RLA496830S",0.737,3.612,-0.26569,2019-10-30 17:05:00
"370",-327,"RLA496830S",0.737,3.6198125,-0.266505,2019-10-30 17:05:00
"371",-328,"RLA496830S",0.737,3.627625,-0.26732,2019-10-30 17:05:00
"372",-331,"RLA496830S",0.737,3.6354375,-0.269765,2019-10-30 17:05:00
"373",-330,"RLA496830S",0.737,3.64325,-0.26895,2019-10-30 17:05:00
"374",-332,"RLA496830S",0.737,3.6510625,-0.27058,2019-10-30 17:05:00
"375",-340,"RLA496830S",0.737,3.658875,-0.2771,2019-10-30 17:05:00
"376",-335,"RLA496830S",0.737,3.6666875,-0.273025,2019-10-30 17:05:00
"377",-334,"RLA496830S",0.737,3.6745,-0.27221,2019-10-30 17:05:00
"378",-341,"RLA496830S",0.737,3.6823125,-0.277915,2019-10-30 17:05:00
"379",-343,"RLA496830S",0.737,3.690125,-0.279545,2019-10-30 17:05:00
"380",-340,"RLA496830S",0.737,3.6979375,-0.2771,2019-10-30 17:05:00
"381",-339,"RLA496830S",0.737,3.70575,-0.276285,2019-10-30 17:05:00
"382",-338,"RLA496830S",0.737,3.7135625,-0.27547,2019-10-30 17:05:00
"383",-336,"RLA496830S",0.737,3.721375,-0.27384,2019-10-30 17:05:00
"384",-337,"RLA496830S",0.737,3.7291875,-0.274655,2019-10-30 17:05:00
"385",-339,"RLA496830S",0.737,3.737,-0.276285,2019-10-30 17:05:00
"386",-336,"RLA496830S",0.737,3.7448125,-0.27384,2019-10-30 17:05:00
"387",-334,"RLA496830S",0.737,3.752625,-0.27221,2019-10-30 17:05:00
"388",-339,"RLA496830S",0.737,3.7604375,-0.276285,2019-10-30 17:05:00
"389",-338,"RLA496830S",0.737,3.76825,-0.27547,2019-10-30 17:05:00
"390",-335,"RLA496830S",0.737,3.7760625,-0.273025,2019-10-30 17:05:00
"391",-334,"RLA496830S",0.737,3.783875,-0.27221,2019-10-30 17:05:00
"392",-340,"RLA496830S",0.737,3.7916875,-0.2771,2019-10-30 17:05:00
"393",-345,"RLA496830S",0.737,3.7995,-0.281175,2019-10-30 17:05:00
"394",-343,"RLA496830S",0.737,3.8073125,-0.279545,2019-10-30 17:05:00
"395",-344,"RLA496830S",0.737,3.815125,-0.28036,2019-10-30 17:05:00
"396",-349,"RLA496830S",0.737,3.8229375,-0.284435,2019-10-30 17:05:00
"397",-347,"RLA496830S",0.737,3.83075,-0.282805,2019-10-30 17:05:00
"398",-348,"RLA496830S",0.737,3.8385625,-0.28362,2019-10-30 17:05:00
"399",-358,"RLA496830S",0.737,3.846375,-0.29177,2019-10-30 17:05:00
"400",-353,"RLA496830S",0.737,3.8541875,-0.287695,2019-10-30 17:05:00
"401",-346,"RLA496830S",0.737,3.862,-0.28199,2019-10-30 17:05:00
"402",-355,"RLA496830S",0.737,3.8698125,-0.289325,2019-10-30 17:05:00
"403",-359,"RLA496830S",0.737,3.877625,-0.292585,2019-10-30 17:05:00
"404",-356,"RLA496830S",0.737,3.8854375,-0.29014,2019-10-30 17:05:00
"405",-358,"RLA496830S",0.737,3.89325,-0.29177,2019-10-30 17:05:00
"406",-360,"RLA496830S",0.737,3.9010625,-0.2934,2019-10-30 17:05:00
"407",-362,"RLA496830S",0.737,3.908875,-0.29503,2019-10-30 17:05:00
"408",-364,"RLA496830S",0.737,3.9166875,-0.29666,2019-10-30 17:05:00
"409",-360,"RLA496830S",0.737,3.9245,-0.2934,2019-10-30 17:05:00
"410",-359,"RLA496830S",0.737,3.9323125,-0.292585,2019-10-30 17:05:00
"411",-364,"RLA496830S",0.737,3.940125,-0.29666,2019-10-30 17:05:00
"412",-371,"RLA496830S",0.737,3.9479375,-0.302365,2019-10-30 17:05:00
"413",-367,"RLA496830S",0.737,3.95575,-0.299105,2019-10-30 17:05:00
"414",-362,"RLA496830S",0.737,3.9635625,-0.29503,2019-10-30 17:05:00
"415",-371,"RLA496830S",0.737,3.971375,-0.302365,2019-10-30 17:05:00
"416",-372,"RLA496830S",0.737,3.9791875,-0.30318,2019-10-30 17:05:00
"417",-367,"RLA496830S",0.737,3.987,-0.299105,2019-10-30 17:05:00
"418",-368,"RLA496830S",0.737,3.9948125,-0.29992,2019-10-30 17:05:00
"419",-369,"RLA496830S",0.737,4.002625,-0.300735,2019-10-30 17:05:00
"420",-372,"RLA496830S",0.737,4.0104375,-0.30318,2019-10-30 17:05:00
"421",-374,"RLA496830S",0.737,4.01825,-0.30481,2019-10-30 17:05:00
"422",-375,"RLA496830S",0.737,4.0260625,-0.305625,2019-10-30 17:05:00
"423",-381,"RLA496830S",0.737,4.033875,-0.310515,2019-10-30 17:05:00
"424",-379,"RLA496830S",0.737,4.0416875,-0.308885,2019-10-30 17:05:00
"425",-376,"RLA496830S",0.737,4.0495,-0.30644,2019-10-30 17:05:00
"426",-376,"RLA496830S",0.737,4.0573125,-0.30644,2019-10-30 17:05:00
"427",-375,"RLA496830S",0.737,4.065125,-0.305625,2019-10-30 17:05:00
"428",-377,"RLA496830S",0.737,4.0729375,-0.307255,2019-10-30 17:05:00
"429",-377,"RLA496830S",0.737,4.08075,-0.307255,2019-10-30 17:05:00
"430",-381,"RLA496830S",0.737,4.0885625,-0.310515,2019-10-30 17:05:00
"431",-389,"RLA496830S",0.737,4.096375,-0.317035,2019-10-30 17:05:00
"432",-390,"RLA496830S",0.737,4.1041875,-0.31785,2019-10-30 17:05:00
"433",-383,"RLA496830S",0.737,4.112,-0.312145,2019-10-30 17:05:00
"434",-394,"RLA496830S",0.737,4.1198125,-0.32111,2019-10-30 17:05:00
"435",-420,"RLA496830S",0.737,4.127625,-0.3423,2019-10-30 17:05:00
"436",-435,"RLA496830S",0.737,4.1354375,-0.354525,2019-10-30 17:05:00
"437",-426,"RLA496830S",0.737,4.14325,-0.34719,2019-10-30 17:05:00
"438",-439,"RLA496830S",0.737,4.1510625,-0.357785,2019-10-30 17:05:00
"439",-588,"RLA496830S",0.737,4.158875,-0.47922,2019-10-30 17:05:00
"440",-757,"RLA496830S",0.737,4.1666875,-0.616955,2019-10-30 17:05:00
"441",-558,"RLA496830S",0.737,4.1745,-0.45477,2019-10-30 17:05:00
"442",-374,"RLA496830S",0.737,4.1823125,-0.30481,2019-10-30 17:05:00
"443",-379,"RLA496830S",0.737,4.190125,-0.308885,2019-10-30 17:05:00
"444",-428,"RLA496830S",0.737,4.1979375,-0.34882,2019-10-30 17:05:00
"445",-453,"RLA496830S",0.737,4.20575,-0.369195,2019-10-30 17:05:00
"446",-473,"RLA496830S",0.737,4.2135625,-0.385495,2019-10-30 17:05:00
"447",-489,"RLA496830S",0.737,4.221375,-0.398535,2019-10-30 17:05:00
"448",-463,"RLA496830S",0.737,4.2291875,-0.377345,2019-10-30 17:05:00
"449",-437,"RLA496830S",0.737,4.237,-0.356155,2019-10-30 17:05:00
"450",-395,"RLA496830S",0.737,4.2448125,-0.321925,2019-10-30 17:05:00
"451",-365,"RLA496830S",0.737,4.252625,-0.297475,2019-10-30 17:05:00
"452",-346,"RLA496830S",0.737,4.2604375,-0.28199,2019-10-30 17:05:00
"453",-416,"RLA496830S",0.737,4.26825,-0.33904,2019-10-30 17:05:00
"454",-750,"RLA496830S",0.737,4.2760625,-0.61125,2019-10-30 17:05:00
"455",-1097,"RLA496830S",0.737,4.283875,-0.894055,2019-10-30 17:05:00
"456",-1007,"RLA496830S",0.737,4.2916875,-0.820705,2019-10-30 17:05:00
"457",-467,"RLA496830S",0.737,4.2995,-0.380605,2019-10-30 17:05:00
"458",-208,"RLA496830S",0.737,4.3073125,-0.16952,2019-10-30 17:05:00
"459",-391,"RLA496830S",0.737,4.315125,-0.318665,2019-10-30 17:05:00
"460",-452,"RLA496830S",0.737,4.3229375,-0.36838,2019-10-30 17:05:00
"461",-394,"RLA496830S",0.737,4.33075,-0.32111,2019-10-30 17:05:00
"462",-389,"RLA496830S",0.737,4.3385625,-0.317035,2019-10-30 17:05:00
"463",-398,"RLA496830S",0.737,4.346375,-0.32437,2019-10-30 17:05:00
"464",-408,"RLA496830S",0.737,4.3541875,-0.33252,2019-10-30 17:05:00
"465",-422,"RLA496830S",0.737,4.362,-0.34393,2019-10-30 17:05:00
"466",-421,"RLA496830S",0.737,4.3698125,-0.343115,2019-10-30 17:05:00
"467",-425,"RLA496830S",0.737,4.377625,-0.346375,2019-10-30 17:05:00
"468",-430,"RLA496830S",0.737,4.3854375,-0.35045,2019-10-30 17:05:00
"469",-425,"RLA496830S",0.737,4.39325,-0.346375,2019-10-30 17:05:00
"470",-435,"RLA496830S",0.737,4.4010625,-0.354525,2019-10-30 17:05:00
"471",-439,"RLA496830S",0.737,4.408875,-0.357785,2019-10-30 17:05:00
"472",-454,"RLA496830S",0.737,4.4166875,-0.37001,2019-10-30 17:05:00
"473",-485,"RLA496830S",0.737,4.4245,-0.395275,2019-10-30 17:05:00
"474",-515,"RLA496830S",0.737,4.4323125,-0.419725,2019-10-30 17:05:00
"475",-550,"RLA496830S",0.737,4.440125,-0.44825,2019-10-30 17:05:00
"476",-583,"RLA496830S",0.737,4.4479375,-0.475145,2019-10-30 17:05:00
"477",-620,"RLA496830S",0.737,4.45575,-0.5053,2019-10-30 17:05:00
"478",-662,"RLA496830S",0.737,4.4635625,-0.53953,2019-10-30 17:05:00
"479",-699,"RLA496830S",0.737,4.471375,-0.569685,2019-10-30 17:05:00
"480",-724,"RLA496830S",0.737,4.4791875,-0.59006,2019-10-30 17:05:00
"481",-677,"RLA496830S",0.737,4.487,-0.551755,2019-10-30 17:05:00
"482",-570,"RLA496830S",0.737,4.4948125,-0.46455,2019-10-30 17:05:00
"483",-466,"RLA496830S",0.737,4.502625,-0.37979,2019-10-30 17:05:00
"484",-392,"RLA496830S",0.737,4.5104375,-0.31948,2019-10-30 17:05:00
"485",-345,"RLA496830S",0.737,4.51825,-0.281175,2019-10-30 17:05:00
"486",-321,"RLA496830S",0.737,4.5260625,-0.261615,2019-10-30 17:05:00
"487",-316,"RLA496830S",0.737,4.533875,-0.25754,2019-10-30 17:05:00
"488",-313,"RLA496830S",0.737,4.5416875,-0.255095,2019-10-30 17:05:00
"489",-313,"RLA496830S",0.737,4.5495,-0.255095,2019-10-30 17:05:00
"490",-317,"RLA496830S",0.737,4.5573125,-0.258355,2019-10-30 17:05:00
"491",-320,"RLA496830S",0.737,4.565125,-0.2608,2019-10-30 17:05:00
"492",-324,"RLA496830S",0.737,4.5729375,-0.26406,2019-10-30 17:05:00
"493",-326,"RLA496830S",0.737,4.58075,-0.26569,2019-10-30 17:05:00
"494",-328,"RLA496830S",0.737,4.5885625,-0.26732,2019-10-30 17:05:00
"495",-333,"RLA496830S",0.737,4.596375,-0.271395,2019-10-30 17:05:00
"496",-333,"RLA496830S",0.737,4.6041875,-0.271395,2019-10-30 17:05:00
"497",-333,"RLA496830S",0.737,4.612,-0.271395,2019-10-30 17:05:00
"498",-333,"RLA496830S",0.737,4.6198125,-0.271395,2019-10-30 17:05:00
"499",-333,"RLA496830S",0.737,4.627625,-0.271395,2019-10-30 17:05:00
"500",-334,"RLA496830S",0.737,4.6354375,-0.27221,2019-10-30 17:05:00
"501",-332,"RLA496830S",0.737,4.64325,-0.27058,2019-10-30 17:05:00
"502",-334,"RLA496830S",0.737,4.6510625,-0.27221,2019-10-30 17:05:00
"503",-333,"RLA496830S",0.737,4.658875,-0.271395,2019-10-30 17:05:00
"504",-328,"RLA496830S",0.737,4.6666875,-0.26732,2019-10-30 17:05:00
"505",-329,"RLA496830S",0.737,4.6745,-0.268135,2019-10-30 17:05:00
"506",-332,"RLA496830S",0.737,4.6823125,-0.27058,2019-10-30 17:05:00
"507",-331,"RLA496830S",0.737,4.690125,-0.269765,2019-10-30 17:05:00
"508",-331,"RLA496830S",0.737,4.6979375,-0.269765,2019-10-30 17:05:00
"509",-332,"RLA496830S",0.737,4.70575,-0.27058,2019-10-30 17:05:00
"510",-332,"RLA496830S",0.737,4.7135625,-0.27058,2019-10-30 17:05:00
"511",-333,"RLA496830S",0.737,4.721375,-0.271395,2019-10-30 17:05:00
"512",-333,"RLA496830S",0.737,4.7291875,-0.271395,2019-10-30 17:05:00
"513",-333,"RLA496830S",0.737,4.737,-0.271395,2019-10-30 17:05:00
"514",-333,"RLA496830S",0.737,4.7448125,-0.271395,2019-10-30 17:05:00
"515",-332,"RLA496830S",0.737,4.752625,-0.27058,2019-10-30 17:05:00
"516",-334,"RLA496830S",0.737,4.7604375,-0.27221,2019-10-30 17:05:00
"517",-339,"RLA496830S",0.737,4.76825,-0.276285,2019-10-30 17:05:00
"518",-339,"RLA496830S",0.737,4.7760625,-0.276285,2019-10-30 17:05:00
"519",-336,"RLA496830S",0.737,4.783875,-0.27384,2019-10-30 17:05:00
"520",-340,"RLA496830S",0.737,4.7916875,-0.2771,2019-10-30 17:05:00
"521",-344,"RLA496830S",0.737,4.7995,-0.28036,2019-10-30 17:05:00
"522",-344,"RLA496830S",0.737,4.8073125,-0.28036,2019-10-30 17:05:00
"523",-345,"RLA496830S",0.737,4.815125,-0.281175,2019-10-30 17:05:00
"524",-347,"RLA496830S",0.737,4.8229375,-0.282805,2019-10-30 17:05:00
"525",-347,"RLA496830S",0.737,4.83075,-0.282805,2019-10-30 17:05:00
"526",-347,"RLA496830S",0.737,4.8385625,-0.282805,2019-10-30 17:05:00
"527",-351,"RLA496830S",0.737,4.846375,-0.286065,2019-10-30 17:05:00
"528",-351,"RLA496830S",0.737,4.8541875,-0.286065,2019-10-30 17:05:00
"529",-351,"RLA496830S",0.737,4.862,-0.286065,2019-10-30 17:05:00
"530",-354,"RLA496830S",0.737,4.8698125,-0.28851,2019-10-30 17:05:00
"531",-356,"RLA496830S",0.737,4.877625,-0.29014,2019-10-30 17:05:00
"532",-364,"RLA496830S",0.737,4.8854375,-0.29666,2019-10-30 17:05:00
"533",-382,"RLA496830S",0.737,4.89325,-0.31133,2019-10-30 17:05:00
"534",-403,"RLA496830S",0.737,4.9010625,-0.328445,2019-10-30 17:05:00
"535",-414,"RLA496830S",0.737,4.908875,-0.33741,2019-10-30 17:05:00
"536",-426,"RLA496830S",0.737,4.9166875,-0.34719,2019-10-30 17:05:00
"537",-588,"RLA496830S",0.737,4.9245,-0.47922,2019-10-30 17:05:00
"538",-726,"RLA496830S",0.737,4.9323125,-0.59169,2019-10-30 17:05:00
"539",-544,"RLA496830S",0.737,4.940125,-0.44336,2019-10-30 17:05:00
"540",-339,"RLA496830S",0.737,4.9479375,-0.276285,2019-10-30 17:05:00
"541",-330,"RLA496830S",0.737,4.95575,-0.26895,2019-10-30 17:05:00
"542",-385,"RLA496830S",0.737,4.9635625,-0.313775,2019-10-30 17:05:00
"543",-410,"RLA496830S",0.737,4.971375,-0.33415,2019-10-30 17:05:00
"544",-425,"RLA496830S",0.737,4.9791875,-0.346375,2019-10-30 17:05:00
"545",-443,"RLA496830S",0.737,4.987,-0.361045,2019-10-30 17:05:00
"546",-439,"RLA496830S",0.737,4.9948125,-0.357785,2019-10-30 17:05:00
"547",-421,"RLA496830S",0.737,5.002625,-0.343115,2019-10-30 17:05:00
"548",-380,"RLA496830S",0.737,5.0104375,-0.3097,2019-10-30 17:05:00
"549",-350,"RLA496830S",0.737,5.01825,-0.28525,2019-10-30 17:05:00
"550",-348,"RLA496830S",0.737,5.0260625,-0.28362,2019-10-30 17:05:00
"551",-325,"RLA496830S",0.737,5.033875,-0.264875,2019-10-30 17:05:00
"552",-399,"RLA496830S",0.737,5.0416875,-0.325185,2019-10-30 17:05:00
"553",-694,"RLA496830S",0.737,5.0495,-0.56561,2019-10-30 17:05:00
"554",-950,"RLA496830S",0.737,5.0573125,-0.77425,2019-10-30 17:05:00
"555",-817,"RLA496830S",0.737,5.065125,-0.665855,2019-10-30 17:05:00
"556",-460,"RLA496830S",0.737,5.0729375,-0.3749,2019-10-30 17:05:00
"557",-328,"RLA496830S",0.737,5.08075,-0.26732,2019-10-30 17:05:00
"558",-358,"RLA496830S",0.737,5.0885625,-0.29177,2019-10-30 17:05:00
"559",-373,"RLA496830S",0.737,5.096375,-0.303995,2019-10-30 17:05:00
"560",-402,"RLA496830S",0.737,5.1041875,-0.32763,2019-10-30 17:05:00
"561",-386,"RLA496830S",0.737,5.112,-0.31459,2019-10-30 17:05:00
"562",-381,"RLA496830S",0.737,5.1198125,-0.310515,2019-10-30 17:05:00
"563",-390,"RLA496830S",0.737,5.127625,-0.31785,2019-10-30 17:05:00
"564",-379,"RLA496830S",0.737,5.1354375,-0.308885,2019-10-30 17:05:00
"565",-378,"RLA496830S",0.737,5.14325,-0.30807,2019-10-30 17:05:00
"566",-397,"RLA496830S",0.737,5.1510625,-0.323555,2019-10-30 17:05:00
"567",-403,"RLA496830S",0.737,5.158875,-0.328445,2019-10-30 17:05:00
"568",-390,"RLA496830S",0.737,5.1666875,-0.31785,2019-10-30 17:05:00
"569",-395,"RLA496830S",0.737,5.1745,-0.321925,2019-10-30 17:05:00
"570",-414,"RLA496830S",0.737,5.1823125,-0.33741,2019-10-30 17:05:00
"571",-433,"RLA496830S",0.737,5.190125,-0.352895,2019-10-30 17:05:00
"572",-452,"RLA496830S",0.737,5.1979375,-0.36838,2019-10-30 17:05:00
"573",-478,"RLA496830S",0.737,5.20575,-0.38957,2019-10-30 17:05:00
"574",-511,"RLA496830S",0.737,5.2135625,-0.416465,2019-10-30 17:05:00
"575",-544,"RLA496830S",0.737,5.221375,-0.44336,2019-10-30 17:05:00
"576",-586,"RLA496830S",0.737,5.2291875,-0.47759,2019-10-30 17:05:00
"577",-619,"RLA496830S",0.737,5.237,-0.504485,2019-10-30 17:05:00
"578",-656,"RLA496830S",0.737,5.2448125,-0.53464,2019-10-30 17:05:00
"579",-676,"RLA496830S",0.737,5.252625,-0.55094,2019-10-30 17:05:00
"580",-637,"RLA496830S",0.737,5.2604375,-0.519155,2019-10-30 17:05:00
"581",-539,"RLA496830S",0.737,5.26825,-0.439285,2019-10-30 17:05:00
"582",-435,"RLA496830S",0.737,5.2760625,-0.354525,2019-10-30 17:05:00
"583",-369,"RLA496830S",0.737,5.283875,-0.300735,2019-10-30 17:05:00
"584",-332,"RLA496830S",0.737,5.2916875,-0.27058,2019-10-30 17:05:00
"585",-318,"RLA496830S",0.737,5.2995,-0.25917,2019-10-30 17:05:00
"586",-313,"RLA496830S",0.737,5.3073125,-0.255095,2019-10-30 17:05:00
"587",-312,"RLA496830S",0.737,5.315125,-0.25428,2019-10-30 17:05:00
"588",-315,"RLA496830S",0.737,5.3229375,-0.256725,2019-10-30 17:05:00
"589",-319,"RLA496830S",0.737,5.33075,-0.259985,2019-10-30 17:05:00
"590",-319,"RLA496830S",0.737,5.3385625,-0.259985,2019-10-30 17:05:00
"591",-322,"RLA496830S",0.737,5.346375,-0.26243,2019-10-30 17:05:00
"592",-323,"RLA496830S",0.737,5.3541875,-0.263245,2019-10-30 17:05:00
"593",-327,"RLA496830S",0.737,5.362,-0.266505,2019-10-30 17:05:00
"594",-333,"RLA496830S",0.737,5.3698125,-0.271395,2019-10-30 17:05:00
"595",-329,"RLA496830S",0.737,5.377625,-0.268135,2019-10-30 17:05:00
"596",-327,"RLA496830S",0.737,5.3854375,-0.266505,2019-10-30 17:05:00
"597",-333,"RLA496830S",0.737,5.39325,-0.271395,2019-10-30 17:05:00
"598",-334,"RLA496830S",0.737,5.4010625,-0.27221,2019-10-30 17:05:00
"599",-332,"RLA496830S",0.737,5.408875,-0.27058,2019-10-30 17:05:00
"600",-332,"RLA496830S",0.737,5.4166875,-0.27058,2019-10-30 17:05:00
"601",-333,"RLA496830S",0.737,5.4245,-0.271395,2019-10-30 17:05:00
"602",-334,"RLA496830S",0.737,5.4323125,-0.27221,2019-10-30 17:05:00
"603",-333,"RLA496830S",0.737,5.440125,-0.271395,2019-10-30 17:05:00
"604",-331,"RLA496830S",0.737,5.4479375,-0.269765,2019-10-30 17:05:00
"605",-330,"RLA496830S",0.737,5.45575,-0.26895,2019-10-30 17:05:00
"606",-329,"RLA496830S",0.737,5.4635625,-0.268135,2019-10-30 17:05:00
"607",-330,"RLA496830S",0.737,5.471375,-0.26895,2019-10-30 17:05:00
"608",-329,"RLA496830S",0.737,5.4791875,-0.268135,2019-10-30 17:05:00
"609",-330,"RLA496830S",0.737,5.487,-0.26895,2019-10-30 17:05:00
"610",-330,"RLA496830S",0.737,5.4948125,-0.26895,2019-10-30 17:05:00
"611",-333,"RLA496830S",0.737,5.502625,-0.271395,2019-10-30 17:05:00
"612",-337,"RLA496830S",0.737,5.5104375,-0.274655,2019-10-30 17:05:00
"613",-335,"RLA496830S",0.737,5.51825,-0.273025,2019-10-30 17:05:00
"614",-332,"RLA496830S",0.737,5.5260625,-0.27058,2019-10-30 17:05:00
"615",-335,"RLA496830S",0.737,5.533875,-0.273025,2019-10-30 17:05:00
"616",-341,"RLA496830S",0.737,5.5416875,-0.277915,2019-10-30 17:05:00
"617",-342,"RLA496830S",0.737,5.5495,-0.27873,2019-10-30 17:05:00
"618",-344,"RLA496830S",0.737,5.5573125,-0.28036,2019-10-30 17:05:00
"619",-344,"RLA496830S",0.737,5.565125,-0.28036,2019-10-30 17:05:00
"620",-343,"RLA496830S",0.737,5.5729375,-0.279545,2019-10-30 17:05:00
"621",-345,"RLA496830S",0.737,5.58075,-0.281175,2019-10-30 17:05:00
"622",-356,"RLA496830S",0.737,5.5885625,-0.29014,2019-10-30 17:05:00
"623",-374,"RLA496830S",0.737,5.596375,-0.30481,2019-10-30 17:05:00
"624",-397,"RLA496830S",0.737,5.6041875,-0.323555,2019-10-30 17:05:00
"625",-393,"RLA496830S",0.737,5.612,-0.320295,2019-10-30 17:05:00
"626",-409,"RLA496830S",0.737,5.6198125,-0.333335,2019-10-30 17:05:00
"627",-579,"RLA496830S",0.737,5.627625,-0.471885,2019-10-30 17:05:00
"628",-710,"RLA496830S",0.737,5.6354375,-0.57865,2019-10-30 17:05:00
"629",-501,"RLA496830S",0.737,5.64325,-0.408315,2019-10-30 17:05:00
"630",-298,"RLA496830S",0.737,5.6510625,-0.24287,2019-10-30 17:05:00
"631",-336,"RLA496830S",0.737,5.658875,-0.27384,2019-10-30 17:05:00
"632",-368,"RLA496830S",0.737,5.6666875,-0.29992,2019-10-30 17:05:00
"633",-365,"RLA496830S",0.737,5.6745,-0.297475,2019-10-30 17:05:00
"634",-392,"RLA496830S",0.737,5.6823125,-0.31948,2019-10-30 17:05:00
"635",-397,"RLA496830S",0.737,5.690125,-0.323555,2019-10-30 17:05:00
"636",-394,"RLA496830S",0.737,5.6979375,-0.32111,2019-10-30 17:05:00
"637",-398,"RLA496830S",0.737,5.70575,-0.32437,2019-10-30 17:05:00
"638",-373,"RLA496830S",0.737,5.7135625,-0.303995,2019-10-30 17:05:00
"639",-348,"RLA496830S",0.737,5.721375,-0.28362,2019-10-30 17:05:00
"640",-330,"RLA496830S",0.737,5.7291875,-0.26895,2019-10-30 17:05:00
"641",-398,"RLA496830S",0.737,5.737,-0.32437,2019-10-30 17:05:00
"642",-705,"RLA496830S",0.737,5.7448125,-0.574575,2019-10-30 17:05:00
"643",-871,"RLA496830S",0.737,5.752625,-0.709865,2019-10-30 17:05:00
"644",-612,"RLA496830S",0.737,5.7604375,-0.49878,2019-10-30 17:05:00
"645",-369,"RLA496830S",0.737,5.76825,-0.300735,2019-10-30 17:05:00
"646",-387,"RLA496830S",0.737,5.7760625,-0.315405,2019-10-30 17:05:00
"647",-452,"RLA496830S",0.737,5.783875,-0.36838,2019-10-30 17:05:00
"648",-407,"RLA496830S",0.737,5.7916875,-0.331705,2019-10-30 17:05:00
"649",-384,"RLA496830S",0.737,5.7995,-0.31296,2019-10-30 17:05:00
"650",-369,"RLA496830S",0.737,5.8073125,-0.300735,2019-10-30 17:05:00
"651",-354,"RLA496830S",0.737,5.815125,-0.28851,2019-10-30 17:05:00
"652",-371,"RLA496830S",0.737,5.8229375,-0.302365,2019-10-30 17:05:00
"653",-375,"RLA496830S",0.737,5.83075,-0.305625,2019-10-30 17:05:00
"654",-366,"RLA496830S",0.737,5.8385625,-0.29829,2019-10-30 17:05:00
"655",-377,"RLA496830S",0.737,5.846375,-0.307255,2019-10-30 17:05:00
"656",-376,"RLA496830S",0.737,5.8541875,-0.30644,2019-10-30 17:05:00
"657",-382,"RLA496830S",0.737,5.862,-0.31133,2019-10-30 17:05:00
"658",-388,"RLA496830S",0.737,5.8698125,-0.31622,2019-10-30 17:05:00
"659",-406,"RLA496830S",0.737,5.877625,-0.33089,2019-10-30 17:05:00
"660",-428,"RLA496830S",0.737,5.8854375,-0.34882,2019-10-30 17:05:00
"661",-427,"RLA496830S",0.737,5.89325,-0.348005,2019-10-30 17:05:00
"662",-452,"RLA496830S",0.737,5.9010625,-0.36838,2019-10-30 17:05:00
"663",-489,"RLA496830S",0.737,5.908875,-0.398535,2019-10-30 17:05:00
"664",-518,"RLA496830S",0.737,5.9166875,-0.42217,2019-10-30 17:05:00
"665",-545,"RLA496830S",0.737,5.9245,-0.444175,2019-10-30 17:05:00
"666",-573,"RLA496830S",0.737,5.9323125,-0.466995,2019-10-30 17:05:00
"667",-611,"RLA496830S",0.737,5.940125,-0.497965,2019-10-30 17:05:00
"668",-620,"RLA496830S",0.737,5.9479375,-0.5053,2019-10-30 17:05:00
"669",-555,"RLA496830S",0.737,5.95575,-0.452325,2019-10-30 17:05:00
"670",-458,"RLA496830S",0.737,5.9635625,-0.37327,2019-10-30 17:05:00
"671",-388,"RLA496830S",0.737,5.971375,-0.31622,2019-10-30 17:05:00
"672",-350,"RLA496830S",0.737,5.9791875,-0.28525,2019-10-30 17:05:00
"673",-331,"RLA496830S",0.737,5.987,-0.269765,2019-10-30 17:05:00
"674",-318,"RLA496830S",0.737,5.9948125,-0.25917,2019-10-30 17:05:00
"675",-319,"RLA496830S",0.737,6.002625,-0.259985,2019-10-30 17:05:00
"676",-318,"RLA496830S",0.737,6.0104375,-0.25917,2019-10-30 17:05:00
"677",-319,"RLA496830S",0.737,6.01825,-0.259985,2019-10-30 17:05:00
"678",-321,"RLA496830S",0.737,6.0260625,-0.261615,2019-10-30 17:05:00
"679",-321,"RLA496830S",0.737,6.033875,-0.261615,2019-10-30 17:05:00
"680",-327,"RLA496830S",0.737,6.0416875,-0.266505,2019-10-30 17:05:00
"681",-329,"RLA496830S",0.737,6.0495,-0.268135,2019-10-30 17:05:00
"682",-331,"RLA496830S",0.737,6.0573125,-0.269765,2019-10-30 17:05:00
"683",-333,"RLA496830S",0.737,6.065125,-0.271395,2019-10-30 17:05:00
"684",-334,"RLA496830S",0.737,6.0729375,-0.27221,2019-10-30 17:05:00
"685",-334,"RLA496830S",0.737,6.08075,-0.27221,2019-10-30 17:05:00
"686",-334,"RLA496830S",0.737,6.0885625,-0.27221,2019-10-30 17:05:00
"687",-335,"RLA496830S",0.737,6.096375,-0.273025,2019-10-30 17:05:00
"688",-333,"RLA496830S",0.737,6.1041875,-0.271395,2019-10-30 17:05:00
"689",-336,"RLA496830S",0.737,6.112,-0.27384,2019-10-30 17:05:00
"690",-340,"RLA496830S",0.737,6.1198125,-0.2771,2019-10-30 17:05:00
"691",-335,"RLA496830S",0.737,6.127625,-0.273025,2019-10-30 17:05:00
"692",-331,"RLA496830S",0.737,6.1354375,-0.269765,2019-10-30 17:05:00
"693",-336,"RLA496830S",0.737,6.14325,-0.27384,2019-10-30 17:05:00
"694",-341,"RLA496830S",0.737,6.1510625,-0.277915,2019-10-30 17:05:00
"695",-340,"RLA496830S",0.737,6.158875,-0.2771,2019-10-30 17:05:00
"696",-338,"RLA496830S",0.737,6.1666875,-0.27547,2019-10-30 17:05:00
"697",-336,"RLA496830S",0.737,6.1745,-0.27384,2019-10-30 17:05:00
"698",-336,"RLA496830S",0.737,6.1823125,-0.27384,2019-10-30 17:05:00
"699",-337,"RLA496830S",0.737,6.190125,-0.274655,2019-10-30 17:05:00
"700",-336,"RLA496830S",0.737,6.1979375,-0.27384,2019-10-30 17:05:00
"701",-339,"RLA496830S",0.737,6.20575,-0.276285,2019-10-30 17:05:00
"702",-344,"RLA496830S",0.737,6.2135625,-0.28036,2019-10-30 17:05:00
"703",-347,"RLA496830S",0.737,6.221375,-0.282805,2019-10-30 17:05:00
"704",-366,"RLA496830S",0.737,6.2291875,-0.29829,2019-10-30 17:05:00
"705",-388,"RLA496830S",0.737,6.237,-0.31622,2019-10-30 17:05:00
"706",-393,"RLA496830S",0.737,6.2448125,-0.320295,2019-10-30 17:05:00
"707",-411,"RLA496830S",0.737,6.252625,-0.334965,2019-10-30 17:05:00
"708",-540,"RLA496830S",0.737,6.2604375,-0.4401,2019-10-30 17:05:00
"709",-638,"RLA496830S",0.737,6.26825,-0.51997,2019-10-30 17:05:00
"710",-506,"RLA496830S",0.737,6.2760625,-0.41239,2019-10-30 17:05:00
"711",-345,"RLA496830S",0.737,6.283875,-0.281175,2019-10-30 17:05:00
"712",-317,"RLA496830S",0.737,6.2916875,-0.258355,2019-10-30 17:05:00
"713",-347,"RLA496830S",0.737,6.2995,-0.282805,2019-10-30 17:05:00
"714",-360,"RLA496830S",0.737,6.3073125,-0.2934,2019-10-30 17:05:00
"715",-363,"RLA496830S",0.737,6.315125,-0.295845,2019-10-30 17:05:00
"716",-376,"RLA496830S",0.737,6.3229375,-0.30644,2019-10-30 17:05:00
"717",-383,"RLA496830S",0.737,6.33075,-0.312145,2019-10-30 17:05:00
"718",-391,"RLA496830S",0.737,6.3385625,-0.318665,2019-10-30 17:05:00
"719",-393,"RLA496830S",0.737,6.346375,-0.320295,2019-10-30 17:05:00
"720",-370,"RLA496830S",0.737,6.3541875,-0.30155,2019-10-30 17:05:00
"721",-346,"RLA496830S",0.737,6.362,-0.28199,2019-10-30 17:05:00
"722",-422,"RLA496830S",0.737,6.3698125,-0.34393,2019-10-30 17:05:00
"723",-696,"RLA496830S",0.737,6.377625,-0.56724,2019-10-30 17:05:00
"724",-801,"RLA496830S",0.737,6.3854375,-0.652815,2019-10-30 17:05:00
"725",-595,"RLA496830S",0.737,6.39325,-0.484925,2019-10-30 17:05:00
"726",-505,"RLA496830S",0.737,6.4010625,-0.411575,2019-10-30 17:05:00
"727",-479,"RLA496830S",0.737,6.408875,-0.390385,2019-10-30 17:05:00
"728",-397,"RLA496830S",0.737,6.4166875,-0.323555,2019-10-30 17:05:00
"729",-378,"RLA496830S",0.737,6.4245,-0.30807,2019-10-30 17:05:00
"730",-377,"RLA496830S",0.737,6.4323125,-0.307255,2019-10-30 17:05:00
"731",-365,"RLA496830S",0.737,6.440125,-0.297475,2019-10-30 17:05:00
"732",-349,"RLA496830S",0.737,6.4479375,-0.284435,2019-10-30 17:05:00
"733",-369,"RLA496830S",0.737,6.45575,-0.300735,2019-10-30 17:05:00
"734",-376,"RLA496830S",0.737,6.4635625,-0.30644,2019-10-30 17:05:00
"735",-366,"RLA496830S",0.737,6.471375,-0.29829,2019-10-30 17:05:00
"736",-377,"RLA496830S",0.737,6.4791875,-0.307255,2019-10-30 17:05:00
"737",-372,"RLA496830S",0.737,6.487,-0.30318,2019-10-30 17:05:00
"738",-378,"RLA496830S",0.737,6.4948125,-0.30807,2019-10-30 17:05:00
"739",-390,"RLA496830S",0.737,6.502625,-0.31785,2019-10-30 17:05:00
"740",-405,"RLA496830S",0.737,6.5104375,-0.330075,2019-10-30 17:05:00
"741",-419,"RLA496830S",0.737,6.51825,-0.341485,2019-10-30 17:05:00
"742",-434,"RLA496830S",0.737,6.5260625,-0.35371,2019-10-30 17:05:00
"743",-455,"RLA496830S",0.737,6.533875,-0.370825,2019-10-30 17:05:00
"744",-477,"RLA496830S",0.737,6.5416875,-0.388755,2019-10-30 17:05:00
"745",-508,"RLA496830S",0.737,6.5495,-0.41402,2019-10-30 17:05:00
"746",-538,"RLA496830S",0.737,6.5573125,-0.43847,2019-10-30 17:05:00
"747",-565,"RLA496830S",0.737,6.565125,-0.460475,2019-10-30 17:05:00
"748",-597,"RLA496830S",0.737,6.5729375,-0.486555,2019-10-30 17:05:00
"749",-598,"RLA496830S",0.737,6.58075,-0.48737,2019-10-30 17:05:00
"750",-530,"RLA496830S",0.737,6.5885625,-0.43195,2019-10-30 17:05:00
"751",-444,"RLA496830S",0.737,6.596375,-0.36186,2019-10-30 17:05:00
"752",-371,"RLA496830S",0.737,6.6041875,-0.302365,2019-10-30 17:05:00
"753",-344,"RLA496830S",0.737,6.612,-0.28036,2019-10-30 17:05:00
"754",-333,"RLA496830S",0.737,6.6198125,-0.271395,2019-10-30 17:05:00
"755",-330,"RLA496830S",0.737,6.627625,-0.26895,2019-10-30 17:05:00
"756",-329,"RLA496830S",0.737,6.6354375,-0.268135,2019-10-30 17:05:00
"757",-327,"RLA496830S",0.737,6.64325,-0.266505,2019-10-30 17:05:00
"758",-327,"RLA496830S",0.737,6.6510625,-0.266505,2019-10-30 17:05:00
"759",-330,"RLA496830S",0.737,6.658875,-0.26895,2019-10-30 17:05:00
"760",-331,"RLA496830S",0.737,6.6666875,-0.269765,2019-10-30 17:05:00
"761",-334,"RLA496830S",0.737,6.6745,-0.27221,2019-10-30 17:05:00
"762",-337,"RLA496830S",0.737,6.6823125,-0.274655,2019-10-30 17:05:00
"763",-337,"RLA496830S",0.737,6.690125,-0.274655,2019-10-30 17:05:00
"764",-339,"RLA496830S",0.737,6.6979375,-0.276285,2019-10-30 17:05:00
"765",-341,"RLA496830S",0.737,6.70575,-0.277915,2019-10-30 17:05:00
"766",-344,"RLA496830S",0.737,6.7135625,-0.28036,2019-10-30 17:05:00
"767",-343,"RLA496830S",0.737,6.721375,-0.279545,2019-10-30 17:05:00
"768",-342,"RLA496830S",0.737,6.7291875,-0.27873,2019-10-30 17:05:00
"769",-342,"RLA496830S",0.737,6.737,-0.27873,2019-10-30 17:05:00
"770",-342,"RLA496830S",0.737,6.7448125,-0.27873,2019-10-30 17:05:00
"771",-341,"RLA496830S",0.737,6.752625,-0.277915,2019-10-30 17:05:00
"772",-341,"RLA496830S",0.737,6.7604375,-0.277915,2019-10-30 17:05:00
"773",-342,"RLA496830S",0.737,6.76825,-0.27873,2019-10-30 17:05:00
"774",-339,"RLA496830S",0.737,6.7760625,-0.276285,2019-10-30 17:05:00
"775",-340,"RLA496830S",0.737,6.783875,-0.2771,2019-10-30 17:05:00
"776",-345,"RLA496830S",0.737,6.7916875,-0.281175,2019-10-30 17:05:00
"777",-346,"RLA496830S",0.737,6.7995,-0.28199,2019-10-30 17:05:00
"778",-345,"RLA496830S",0.737,6.8073125,-0.281175,2019-10-30 17:05:00
"779",-345,"RLA496830S",0.737,6.815125,-0.281175,2019-10-30 17:05:00
"780",-345,"RLA496830S",0.737,6.8229375,-0.281175,2019-10-30 17:05:00
"781",-347,"RLA496830S",0.737,6.83075,-0.282805,2019-10-30 17:05:00
"782",-350,"RLA496830S",0.737,6.8385625,-0.28525,2019-10-30 17:05:00
"783",-365,"RLA496830S",0.737,6.846375,-0.297475,2019-10-30 17:05:00
"784",-393,"RLA496830S",0.737,6.8541875,-0.320295,2019-10-30 17:05:00
"785",-400,"RLA496830S",0.737,6.862,-0.326,2019-10-30 17:05:00
"786",-426,"RLA496830S",0.737,6.8698125,-0.34719,2019-10-30 17:05:00
"787",-525,"RLA496830S",0.737,6.877625,-0.427875,2019-10-30 17:05:00
"788",-669,"RLA496830S",0.737,6.8854375,-0.545235,2019-10-30 17:05:00
"789",-689,"RLA496830S",0.737,6.89325,-0.561535,2019-10-30 17:05:00
"790",-477,"RLA496830S",0.737,6.9010625,-0.388755,2019-10-30 17:05:00
"791",-312,"RLA496830S",0.737,6.908875,-0.25428,2019-10-30 17:05:00
"792",-358,"RLA496830S",0.737,6.9166875,-0.29177,2019-10-30 17:05:00
"793",-363,"RLA496830S",0.737,6.9245,-0.295845,2019-10-30 17:05:00
"794",-357,"RLA496830S",0.737,6.9323125,-0.290955,2019-10-30 17:05:00
"795",-379,"RLA496830S",0.737,6.940125,-0.308885,2019-10-30 17:05:00
"796",-390,"RLA496830S",0.737,6.9479375,-0.31785,2019-10-30 17:05:00
"797",-395,"RLA496830S",0.737,6.95575,-0.321925,2019-10-30 17:05:00
"798",-402,"RLA496830S",0.737,6.9635625,-0.32763,2019-10-30 17:05:00
"799",-389,"RLA496830S",0.737,6.971375,-0.317035,2019-10-30 17:05:00
"800",-407,"RLA496830S",0.737,6.9791875,-0.331705,2019-10-30 17:05:00
"801",-598,"RLA496830S",0.737,6.987,-0.48737,2019-10-30 17:05:00
"802",-877,"RLA496830S",0.737,6.9948125,-0.714755,2019-10-30 17:05:00
"803",-887,"RLA496830S",0.737,7.002625,-0.722905,2019-10-30 17:05:00
"804",-618,"RLA496830S",0.737,7.0104375,-0.50367,2019-10-30 17:05:00
"805",-471,"RLA496830S",0.737,7.01825,-0.383865,2019-10-30 17:05:00
"806",-438,"RLA496830S",0.737,7.0260625,-0.35697,2019-10-30 17:05:00
"807",-425,"RLA496830S",0.737,7.033875,-0.346375,2019-10-30 17:05:00
"808",-411,"RLA496830S",0.737,7.0416875,-0.334965,2019-10-30 17:05:00
"809",-382,"RLA496830S",0.737,7.0495,-0.31133,2019-10-30 17:05:00
"810",-367,"RLA496830S",0.737,7.0573125,-0.299105,2019-10-30 17:05:00
"811",-366,"RLA496830S",0.737,7.065125,-0.29829,2019-10-30 17:05:00
"812",-374,"RLA496830S",0.737,7.0729375,-0.30481,2019-10-30 17:05:00
"813",-375,"RLA496830S",0.737,7.08075,-0.305625,2019-10-30 17:05:00
"814",-399,"RLA496830S",0.737,7.0885625,-0.325185,2019-10-30 17:05:00
"815",-412,"RLA496830S",0.737,7.096375,-0.33578,2019-10-30 17:05:00
"816",-392,"RLA496830S",0.737,7.1041875,-0.31948,2019-10-30 17:05:00
"817",-407,"RLA496830S",0.737,7.112,-0.331705,2019-10-30 17:05:00
"818",-420,"RLA496830S",0.737,7.1198125,-0.3423,2019-10-30 17:05:00
"819",-431,"RLA496830S",0.737,7.127625,-0.351265,2019-10-30 17:05:00
"820",-450,"RLA496830S",0.737,7.1354375,-0.36675,2019-10-30 17:05:00
"821",-479,"RLA496830S",0.737,7.14325,-0.390385,2019-10-30 17:05:00
"822",-511,"RLA496830S",0.737,7.1510625,-0.416465,2019-10-30 17:05:00
"823",-539,"RLA496830S",0.737,7.158875,-0.439285,2019-10-30 17:05:00
"824",-581,"RLA496830S",0.737,7.1666875,-0.473515,2019-10-30 17:05:00
"825",-610,"RLA496830S",0.737,7.1745,-0.49715,2019-10-30 17:05:00
"826",-646,"RLA496830S",0.737,7.1823125,-0.52649,2019-10-30 17:05:00
"827",-672,"RLA496830S",0.737,7.190125,-0.54768,2019-10-30 17:05:00
"828",-632,"RLA496830S",0.737,7.1979375,-0.51508,2019-10-30 17:05:00
"829",-530,"RLA496830S",0.737,7.20575,-0.43195,2019-10-30 17:05:00
"830",-431,"RLA496830S",0.737,7.2135625,-0.351265,2019-10-30 17:05:00
"831",-372,"RLA496830S",0.737,7.221375,-0.30318,2019-10-30 17:05:00
"832",-340,"RLA496830S",0.737,7.2291875,-0.2771,2019-10-30 17:05:00
"833",-328,"RLA496830S",0.737,7.237,-0.26732,2019-10-30 17:05:00
"834",-326,"RLA496830S",0.737,7.2448125,-0.26569,2019-10-30 17:05:00
"835",-326,"RLA496830S",0.737,7.252625,-0.26569,2019-10-30 17:05:00
"836",-327,"RLA496830S",0.737,7.2604375,-0.266505,2019-10-30 17:05:00
"837",-330,"RLA496830S",0.737,7.26825,-0.26895,2019-10-30 17:05:00
"838",-333,"RLA496830S",0.737,7.2760625,-0.271395,2019-10-30 17:05:00
"839",-338,"RLA496830S",0.737,7.283875,-0.27547,2019-10-30 17:05:00
"840",-341,"RLA496830S",0.737,7.2916875,-0.277915,2019-10-30 17:05:00
"841",-341,"RLA496830S",0.737,7.2995,-0.277915,2019-10-30 17:05:00
"842",-343,"RLA496830S",0.737,7.3073125,-0.279545,2019-10-30 17:05:00
"843",-348,"RLA496830S",0.737,7.315125,-0.28362,2019-10-30 17:05:00
"844",-355,"RLA496830S",0.737,7.3229375,-0.289325,2019-10-30 17:05:00
"845",-355,"RLA496830S",0.737,7.33075,-0.289325,2019-10-30 17:05:00
"846",-349,"RLA496830S",0.737,7.3385625,-0.284435,2019-10-30 17:05:00
"847",-349,"RLA496830S",0.737,7.346375,-0.284435,2019-10-30 17:05:00
"848",-355,"RLA496830S",0.737,7.3541875,-0.289325,2019-10-30 17:05:00
"849",-353,"RLA496830S",0.737,7.362,-0.287695,2019-10-30 17:05:00
"850",-348,"RLA496830S",0.737,7.3698125,-0.28362,2019-10-30 17:05:00
"851",-347,"RLA496830S",0.737,7.377625,-0.282805,2019-10-30 17:05:00
"852",-350,"RLA496830S",0.737,7.3854375,-0.28525,2019-10-30 17:05:00
"853",-351,"RLA496830S",0.737,7.39325,-0.286065,2019-10-30 17:05:00
"854",-349,"RLA496830S",0.737,7.4010625,-0.284435,2019-10-30 17:05:00
"855",-345,"RLA496830S",0.737,7.408875,-0.281175,2019-10-30 17:05:00
"856",-349,"RLA496830S",0.737,7.4166875,-0.284435,2019-10-30 17:05:00
"857",-352,"RLA496830S",0.737,7.4245,-0.28688,2019-10-30 17:05:00
"858",-353,"RLA496830S",0.737,7.4323125,-0.287695,2019-10-30 17:05:00
"859",-350,"RLA496830S",0.737,7.440125,-0.28525,2019-10-30 17:05:00
"860",-345,"RLA496830S",0.737,7.4479375,-0.281175,2019-10-30 17:05:00
"861",-351,"RLA496830S",0.737,7.45575,-0.286065,2019-10-30 17:05:00
"862",-358,"RLA496830S",0.737,7.4635625,-0.29177,2019-10-30 17:05:00
"863",-357,"RLA496830S",0.737,7.471375,-0.290955,2019-10-30 17:05:00
"864",-355,"RLA496830S",0.737,7.4791875,-0.289325,2019-10-30 17:05:00
"865",-358,"RLA496830S",0.737,7.487,-0.29177,2019-10-30 17:05:00
"866",-379,"RLA496830S",0.737,7.4948125,-0.308885,2019-10-30 17:05:00
"867",-407,"RLA496830S",0.737,7.502625,-0.331705,2019-10-30 17:05:00
"868",-407,"RLA496830S",0.737,7.5104375,-0.331705,2019-10-30 17:05:00
"869",-426,"RLA496830S",0.737,7.51825,-0.34719,2019-10-30 17:05:00
"870",-596,"RLA496830S",0.737,7.5260625,-0.48574,2019-10-30 17:05:00
"871",-757,"RLA496830S",0.737,7.533875,-0.616955,2019-10-30 17:05:00
"872",-493,"RLA496830S",0.737,7.5416875,-0.401795,2019-10-30 17:05:00
"873",-316,"RLA496830S",0.737,7.5495,-0.25754,2019-10-30 17:05:00
"874",-374,"RLA496830S",0.737,7.5573125,-0.30481,2019-10-30 17:05:00
"875",-420,"RLA496830S",0.737,7.565125,-0.3423,2019-10-30 17:05:00
"876",-404,"RLA496830S",0.737,7.5729375,-0.32926,2019-10-30 17:05:00
"877",-425,"RLA496830S",0.737,7.58075,-0.346375,2019-10-30 17:05:00
"878",-452,"RLA496830S",0.737,7.5885625,-0.36838,2019-10-30 17:05:00
"879",-444,"RLA496830S",0.737,7.596375,-0.36186,2019-10-30 17:05:00
"880",-447,"RLA496830S",0.737,7.6041875,-0.364305,2019-10-30 17:05:00
"881",-425,"RLA496830S",0.737,7.612,-0.346375,2019-10-30 17:05:00
"882",-381,"RLA496830S",0.737,7.6198125,-0.310515,2019-10-30 17:05:00
"883",-443,"RLA496830S",0.737,7.627625,-0.361045,2019-10-30 17:05:00
"884",-763,"RLA496830S",0.737,7.6354375,-0.621845,2019-10-30 17:05:00
"885",-1040,"RLA496830S",0.737,7.64325,-0.8476,2019-10-30 17:05:00
"886",-860,"RLA496830S",0.737,7.6510625,-0.7009,2019-10-30 17:05:00
"887",-469,"RLA496830S",0.737,7.658875,-0.382235,2019-10-30 17:05:00
"888",-284,"RLA496830S",0.737,7.6666875,-0.23146,2019-10-30 17:05:00
"889",-282,"RLA496830S",0.737,7.6745,-0.22983,2019-10-30 17:05:00
"890",-329,"RLA496830S",0.737,7.6823125,-0.268135,2019-10-30 17:05:00
"891",-388,"RLA496830S",0.737,7.690125,-0.31622,2019-10-30 17:05:00
"892",-377,"RLA496830S",0.737,7.6979375,-0.307255,2019-10-30 17:05:00
"893",-375,"RLA496830S",0.737,7.70575,-0.305625,2019-10-30 17:05:00
"894",-386,"RLA496830S",0.737,7.7135625,-0.31459,2019-10-30 17:05:00
"895",-392,"RLA496830S",0.737,7.721375,-0.31948,2019-10-30 17:05:00
"896",-391,"RLA496830S",0.737,7.7291875,-0.318665,2019-10-30 17:05:00
"897",-395,"RLA496830S",0.737,7.737,-0.321925,2019-10-30 17:05:00
"898",-404,"RLA496830S",0.737,7.7448125,-0.32926,2019-10-30 17:05:00
"899",-414,"RLA496830S",0.737,7.752625,-0.33741,2019-10-30 17:05:00
"900",-419,"RLA496830S",0.737,7.7604375,-0.341485,2019-10-30 17:05:00
"901",-415,"RLA496830S",0.737,7.76825,-0.338225,2019-10-30 17:05:00
"902",-432,"RLA496830S",0.737,7.7760625,-0.35208,2019-10-30 17:05:00
"903",-465,"RLA496830S",0.737,7.783875,-0.378975,2019-10-30 17:05:00
"904",-506,"RLA496830S",0.737,7.7916875,-0.41239,2019-10-30 17:05:00
"905",-539,"RLA496830S",0.737,7.7995,-0.439285,2019-10-30 17:05:00
"906",-575,"RLA496830S",0.737,7.8073125,-0.468625,2019-10-30 17:05:00
"907",-615,"RLA496830S",0.737,7.815125,-0.501225,2019-10-30 17:05:00
"908",-657,"RLA496830S",0.737,7.8229375,-0.535455,2019-10-30 17:05:00
"909",-700,"RLA496830S",0.737,7.83075,-0.5705,2019-10-30 17:05:00
"910",-705,"RLA496830S",0.737,7.8385625,-0.574575,2019-10-30 17:05:00
"911",-635,"RLA496830S",0.737,7.846375,-0.517525,2019-10-30 17:05:00
"912",-494,"RLA496830S",0.737,7.8541875,-0.40261,2019-10-30 17:05:00
"913",-407,"RLA496830S",0.737,7.862,-0.331705,2019-10-30 17:05:00
"914",-351,"RLA496830S",0.737,7.8698125,-0.286065,2019-10-30 17:05:00
"915",-323,"RLA496830S",0.737,7.877625,-0.263245,2019-10-30 17:05:00
"916",-313,"RLA496830S",0.737,7.8854375,-0.255095,2019-10-30 17:05:00
"917",-314,"RLA496830S",0.737,7.89325,-0.25591,2019-10-30 17:05:00
"918",-311,"RLA496830S",0.737,7.9010625,-0.253465,2019-10-30 17:05:00
"919",-312,"RLA496830S",0.737,7.908875,-0.25428,2019-10-30 17:05:00
"920",-320,"RLA496830S",0.737,7.9166875,-0.2608,2019-10-30 17:05:00
"921",-323,"RLA496830S",0.737,7.9245,-0.263245,2019-10-30 17:05:00
"922",-323,"RLA496830S",0.737,7.9323125,-0.263245,2019-10-30 17:05:00
"923",-327,"RLA496830S",0.737,7.940125,-0.266505,2019-10-30 17:05:00
"924",-330,"RLA496830S",0.737,7.9479375,-0.26895,2019-10-30 17:05:00
"925",-329,"RLA496830S",0.737,7.95575,-0.268135,2019-10-30 17:05:00
"926",-333,"RLA496830S",0.737,7.9635625,-0.271395,2019-10-30 17:05:00
"927",-330,"RLA496830S",0.737,7.971375,-0.26895,2019-10-30 17:05:00
"928",-326,"RLA496830S",0.737,7.9791875,-0.26569,2019-10-30 17:05:00
"929",-336,"RLA496830S",0.737,7.987,-0.27384,2019-10-30 17:05:00
"930",-334,"RLA496830S",0.737,7.9948125,-0.27221,2019-10-30 17:05:00
"931",-330,"RLA496830S",0.737,8.002625,-0.26895,2019-10-30 17:05:00
"932",-334,"RLA496830S",0.737,8.0104375,-0.27221,2019-10-30 17:05:00
"933",-333,"RLA496830S",0.737,8.01825,-0.271395,2019-10-30 17:05:00
"934",-330,"RLA496830S",0.737,8.0260625,-0.26895,2019-10-30 17:05:00
"935",-332,"RLA496830S",0.737,8.033875,-0.27058,2019-10-30 17:05:00
"936",-331,"RLA496830S",0.737,8.0416875,-0.269765,2019-10-30 17:05:00
"937",-334,"RLA496830S",0.737,8.0495,-0.27221,2019-10-30 17:05:00
"938",-336,"RLA496830S",0.737,8.0573125,-0.27384,2019-10-30 17:05:00
"939",-333,"RLA496830S",0.737,8.065125,-0.271395,2019-10-30 17:05:00
"940",-331,"RLA496830S",0.737,8.0729375,-0.269765,2019-10-30 17:05:00
"941",-333,"RLA496830S",0.737,8.08075,-0.271395,2019-10-30 17:05:00
"942",-337,"RLA496830S",0.737,8.0885625,-0.274655,2019-10-30 17:05:00
"943",-337,"RLA496830S",0.737,8.096375,-0.274655,2019-10-30 17:05:00
"944",-334,"RLA496830S",0.737,8.1041875,-0.27221,2019-10-30 17:05:00
"945",-338,"RLA496830S",0.737,8.112,-0.27547,2019-10-30 17:05:00
"946",-340,"RLA496830S",0.737,8.1198125,-0.2771,2019-10-30 17:05:00
"947",-343,"RLA496830S",0.737,8.127625,-0.279545,2019-10-30 17:05:00
"948",-348,"RLA496830S",0.737,8.1354375,-0.28362,2019-10-30 17:05:00
"949",-347,"RLA496830S",0.737,8.14325,-0.282805,2019-10-30 17:05:00
"950",-350,"RLA496830S",0.737,8.1510625,-0.28525,2019-10-30 17:05:00
"951",-361,"RLA496830S",0.737,8.158875,-0.294215,2019-10-30 17:05:00
"952",-350,"RLA496830S",0.737,8.1666875,-0.28525,2019-10-30 17:05:00
"953",-341,"RLA496830S",0.737,8.1745,-0.277915,2019-10-30 17:05:00
"954",-351,"RLA496830S",0.737,8.1823125,-0.286065,2019-10-30 17:05:00
"955",-360,"RLA496830S",0.737,8.190125,-0.2934,2019-10-30 17:05:00
"956",-358,"RLA496830S",0.737,8.1979375,-0.29177,2019-10-30 17:05:00
"957",-354,"RLA496830S",0.737,8.20575,-0.28851,2019-10-30 17:05:00
"958",-354,"RLA496830S",0.737,8.2135625,-0.28851,2019-10-30 17:05:00
"959",-357,"RLA496830S",0.737,8.221375,-0.290955,2019-10-30 17:05:00
"960",-365,"RLA496830S",0.737,8.2291875,-0.297475,2019-10-30 17:05:00
"961",-365,"RLA496830S",0.737,8.237,-0.297475,2019-10-30 17:05:00
"962",-361,"RLA496830S",0.737,8.2448125,-0.294215,2019-10-30 17:05:00
"963",-365,"RLA496830S",0.737,8.252625,-0.297475,2019-10-30 17:05:00
"964",-370,"RLA496830S",0.737,8.2604375,-0.30155,2019-10-30 17:05:00
"965",-368,"RLA496830S",0.737,8.26825,-0.29992,2019-10-30 17:05:00
"966",-362,"RLA496830S",0.737,8.2760625,-0.29503,2019-10-30 17:05:00
"967",-364,"RLA496830S",0.737,8.283875,-0.29666,2019-10-30 17:05:00
"968",-375,"RLA496830S",0.737,8.2916875,-0.305625,2019-10-30 17:05:00
"969",-369,"RLA496830S",0.737,8.2995,-0.300735,2019-10-30 17:05:00
"970",-362,"RLA496830S",0.737,8.3073125,-0.29503,2019-10-30 17:05:00
"971",-366,"RLA496830S",0.737,8.315125,-0.29829,2019-10-30 17:05:00
"972",-375,"RLA496830S",0.737,8.3229375,-0.305625,2019-10-30 17:05:00
"973",-375,"RLA496830S",0.737,8.33075,-0.305625,2019-10-30 17:05:00
"974",-371,"RLA496830S",0.737,8.3385625,-0.302365,2019-10-30 17:05:00
"975",-370,"RLA496830S",0.737,8.346375,-0.30155,2019-10-30 17:05:00
"976",-378,"RLA496830S",0.737,8.3541875,-0.30807,2019-10-30 17:05:00
"977",-382,"RLA496830S",0.737,8.362,-0.31133,2019-10-30 17:05:00
"978",-376,"RLA496830S",0.737,8.3698125,-0.30644,2019-10-30 17:05:00
"979",-367,"RLA496830S",0.737,8.377625,-0.299105,2019-10-30 17:05:00
"980",-370,"RLA496830S",0.737,8.3854375,-0.30155,2019-10-30 17:05:00
"981",-384,"RLA496830S",0.737,8.39325,-0.31296,2019-10-30 17:05:00
"982",-384,"RLA496830S",0.737,8.4010625,-0.31296,2019-10-30 17:05:00
"983",-376,"RLA496830S",0.737,8.408875,-0.30644,2019-10-30 17:05:00
"984",-385,"RLA496830S",0.737,8.4166875,-0.313775,2019-10-30 17:05:00
"985",-389,"RLA496830S",0.737,8.4245,-0.317035,2019-10-30 17:05:00
"986",-381,"RLA496830S",0.737,8.4323125,-0.310515,2019-10-30 17:05:00
"987",-375,"RLA496830S",0.737,8.440125,-0.305625,2019-10-30 17:05:00
"988",-377,"RLA496830S",0.737,8.4479375,-0.307255,2019-10-30 17:05:00
"989",-382,"RLA496830S",0.737,8.45575,-0.31133,2019-10-30 17:05:00
"990",-386,"RLA496830S",0.737,8.4635625,-0.31459,2019-10-30 17:05:00
"991",-389,"RLA496830S",0.737,8.471375,-0.317035,2019-10-30 17:05:00
"992",-391,"RLA496830S",0.737,8.4791875,-0.318665,2019-10-30 17:05:00
"993",-383,"RLA496830S",0.737,8.487,-0.312145,2019-10-30 17:05:00
"994",-380,"RLA496830S",0.737,8.4948125,-0.3097,2019-10-30 17:05:00
"995",-387,"RLA496830S",0.737,8.502625,-0.315405,2019-10-30 17:05:00
"996",-385,"RLA496830S",0.737,8.5104375,-0.313775,2019-10-30 17:05:00
"997",-382,"RLA496830S",0.737,8.51825,-0.31133,2019-10-30 17:05:00
"998",-387,"RLA496830S",0.737,8.5260625,-0.315405,2019-10-30 17:05:00
"999",-387,"RLA496830S",0.737,8.533875,-0.315405,2019-10-30 17:05:00
"1000",-386,"RLA496830S",0.737,8.5416875,-0.31459,2019-10-30 17:05:00
"1001",-387,"RLA496830S",0.737,8.5495,-0.315405,2019-10-30 17:05:00
"1002",-386,"RLA496830S",0.737,8.5573125,-0.31459,2019-10-30 17:05:00
"1003",-390,"RLA496830S",0.737,8.565125,-0.31785,2019-10-30 17:05:00
"1004",-394,"RLA496830S",0.737,8.5729375,-0.32111,2019-10-30 17:05:00
"1005",-392,"RLA496830S",0.737,8.58075,-0.31948,2019-10-30 17:05:00
"1006",-392,"RLA496830S",0.737,8.5885625,-0.31948,2019-10-30 17:05:00
"1007",-387,"RLA496830S",0.737,8.596375,-0.315405,2019-10-30 17:05:00
"1008",-382,"RLA496830S",0.737,8.6041875,-0.31133,2019-10-30 17:05:00
"1009",-398,"RLA496830S",0.737,8.612,-0.32437,2019-10-30 17:05:00
"1010",-426,"RLA496830S",0.737,8.6198125,-0.34719,2019-10-30 17:05:00
"1011",-459,"RLA496830S",0.737,8.627625,-0.374085,2019-10-30 17:05:00
"1012",-511,"RLA496830S",0.737,8.6354375,-0.416465,2019-10-30 17:05:00
"1013",-631,"RLA496830S",0.737,8.64325,-0.514265,2019-10-30 17:05:00
"1014",-716,"RLA496830S",0.737,8.6510625,-0.58354,2019-10-30 17:05:00
"1015",-546,"RLA496830S",0.737,8.658875,-0.44499,2019-10-30 17:05:00
"1016",-317,"RLA496830S",0.737,8.6666875,-0.258355,2019-10-30 17:05:00
"1017",-339,"RLA496830S",0.737,8.6745,-0.276285,2019-10-30 17:05:00
"1018",-407,"RLA496830S",0.737,8.6823125,-0.331705,2019-10-30 17:05:00
"1019",-442,"RLA496830S",0.737,8.690125,-0.36023,2019-10-30 17:05:00
"1020",-452,"RLA496830S",0.737,8.6979375,-0.36838,2019-10-30 17:05:00
"1021",-463,"RLA496830S",0.737,8.70575,-0.377345,2019-10-30 17:05:00
"1022",-447,"RLA496830S",0.737,8.7135625,-0.364305,2019-10-30 17:05:00
"1023",-440,"RLA496830S",0.737,8.721375,-0.3586,2019-10-30 17:05:00
"1024",-408,"RLA496830S",0.737,8.7291875,-0.33252,2019-10-30 17:05:00
"1025",-372,"RLA496830S",0.737,8.737,-0.30318,2019-10-30 17:05:00
"1026",-509,"RLA496830S",0.737,8.7448125,-0.414835,2019-10-30 17:05:00
"1027",-888,"RLA496830S",0.737,8.752625,-0.72372,2019-10-30 17:05:00
"1028",-1119,"RLA496830S",0.737,8.7604375,-0.911985,2019-10-30 17:05:00
"1029",-781,"RLA496830S",0.737,8.76825,-0.636515,2019-10-30 17:05:00
"1030",-259,"RLA496830S",0.737,8.7760625,-0.211085,2019-10-30 17:05:00
"1031",-186,"RLA496830S",0.737,8.783875,-0.15159,2019-10-30 17:05:00
"1032",-457,"RLA496830S",0.737,8.7916875,-0.372455,2019-10-30 17:05:00
"1033",-454,"RLA496830S",0.737,8.7995,-0.37001,2019-10-30 17:05:00
"1034",-396,"RLA496830S",0.737,8.8073125,-0.32274,2019-10-30 17:05:00
"1035",-402,"RLA496830S",0.737,8.815125,-0.32763,2019-10-30 17:05:00
"1036",-405,"RLA496830S",0.737,8.8229375,-0.330075,2019-10-30 17:05:00
"1037",-396,"RLA496830S",0.737,8.83075,-0.32274,2019-10-30 17:05:00
"1038",-404,"RLA496830S",0.737,8.8385625,-0.32926,2019-10-30 17:05:00
"1039",-409,"RLA496830S",0.737,8.846375,-0.333335,2019-10-30 17:05:00
"1040",-428,"RLA496830S",0.737,8.8541875,-0.34882,2019-10-30 17:05:00
"1041",-437,"RLA496830S",0.737,8.862,-0.356155,2019-10-30 17:05:00
"1042",-422,"RLA496830S",0.737,8.8698125,-0.34393,2019-10-30 17:05:00
"1043",-426,"RLA496830S",0.737,8.877625,-0.34719,2019-10-30 17:05:00
"1044",-439,"RLA496830S",0.737,8.8854375,-0.357785,2019-10-30 17:05:00
"1045",-457,"RLA496830S",0.737,8.89325,-0.372455,2019-10-30 17:05:00
"1046",-478,"RLA496830S",0.737,8.9010625,-0.38957,2019-10-30 17:05:00
"1047",-501,"RLA496830S",0.737,8.908875,-0.408315,2019-10-30 17:05:00
"1048",-544,"RLA496830S",0.737,8.9166875,-0.44336,2019-10-30 17:05:00
"1049",-573,"RLA496830S",0.737,8.9245,-0.466995,2019-10-30 17:05:00
"1050",-601,"RLA496830S",0.737,8.9323125,-0.489815,2019-10-30 17:05:00
"1051",-633,"RLA496830S",0.737,8.940125,-0.515895,2019-10-30 17:05:00
"1052",-672,"RLA496830S",0.737,8.9479375,-0.54768,2019-10-30 17:05:00
"1053",-694,"RLA496830S",0.737,8.95575,-0.56561,2019-10-30 17:05:00
"1054",-655,"RLA496830S",0.737,8.9635625,-0.533825,2019-10-30 17:05:00
"1055",-568,"RLA496830S",0.737,8.971375,-0.46292,2019-10-30 17:05:00
"1056",-455,"RLA496830S",0.737,8.9791875,-0.370825,2019-10-30 17:05:00
"1057",-388,"RLA496830S",0.737,8.987,-0.31622,2019-10-30 17:05:00
"1058",-345,"RLA496830S",0.737,8.9948125,-0.281175,2019-10-30 17:05:00
"1059",-324,"RLA496830S",0.737,9.002625,-0.26406,2019-10-30 17:05:00
"1060",-318,"RLA496830S",0.737,9.0104375,-0.25917,2019-10-30 17:05:00
"1061",-317,"RLA496830S",0.737,9.01825,-0.258355,2019-10-30 17:05:00
"1062",-318,"RLA496830S",0.737,9.0260625,-0.25917,2019-10-30 17:05:00
"1063",-321,"RLA496830S",0.737,9.033875,-0.261615,2019-10-30 17:05:00
"1064",-321,"RLA496830S",0.737,9.0416875,-0.261615,2019-10-30 17:05:00
"1065",-324,"RLA496830S",0.737,9.0495,-0.26406,2019-10-30 17:05:00
"1066",-331,"RLA496830S",0.737,9.0573125,-0.269765,2019-10-30 17:05:00
"1067",-332,"RLA496830S",0.737,9.065125,-0.27058,2019-10-30 17:05:00
"1068",-336,"RLA496830S",0.737,9.0729375,-0.27384,2019-10-30 17:05:00
"1069",-340,"RLA496830S",0.737,9.08075,-0.2771,2019-10-30 17:05:00
"1070",-339,"RLA496830S",0.737,9.0885625,-0.276285,2019-10-30 17:05:00
"1071",-339,"RLA496830S",0.737,9.096375,-0.276285,2019-10-30 17:05:00
"1072",-340,"RLA496830S",0.737,9.1041875,-0.2771,2019-10-30 17:05:00
"1073",-341,"RLA496830S",0.737,9.112,-0.277915,2019-10-30 17:05:00
"1074",-338,"RLA496830S",0.737,9.1198125,-0.27547,2019-10-30 17:05:00
"1075",-336,"RLA496830S",0.737,9.127625,-0.27384,2019-10-30 17:05:00
"1076",-341,"RLA496830S",0.737,9.1354375,-0.277915,2019-10-30 17:05:00
"1077",-339,"RLA496830S",0.737,9.14325,-0.276285,2019-10-30 17:05:00
"1078",-333,"RLA496830S",0.737,9.1510625,-0.271395,2019-10-30 17:05:00
"1079",-336,"RLA496830S",0.737,9.158875,-0.27384,2019-10-30 17:05:00
"1080",-340,"RLA496830S",0.737,9.1666875,-0.2771,2019-10-30 17:05:00
"1081",-334,"RLA496830S",0.737,9.1745,-0.27221,2019-10-30 17:05:00
"1082",-332,"RLA496830S",0.737,9.1823125,-0.27058,2019-10-30 17:05:00
"1083",-338,"RLA496830S",0.737,9.190125,-0.27547,2019-10-30 17:05:00
"1084",-339,"RLA496830S",0.737,9.1979375,-0.276285,2019-10-30 17:05:00
"1085",-339,"RLA496830S",0.737,9.20575,-0.276285,2019-10-30 17:05:00
"1086",-340,"RLA496830S",0.737,9.2135625,-0.2771,2019-10-30 17:05:00
"1087",-337,"RLA496830S",0.737,9.221375,-0.274655,2019-10-30 17:05:00
"1088",-340,"RLA496830S",0.737,9.2291875,-0.2771,2019-10-30 17:05:00
"1089",-343,"RLA496830S",0.737,9.237,-0.279545,2019-10-30 17:05:00
"1090",-341,"RLA496830S",0.737,9.2448125,-0.277915,2019-10-30 17:05:00
"1091",-344,"RLA496830S",0.737,9.252625,-0.28036,2019-10-30 17:05:00
"1092",-341,"RLA496830S",0.737,9.2604375,-0.277915,2019-10-30 17:05:00
"1093",-336,"RLA496830S",0.737,9.26825,-0.27384,2019-10-30 17:05:00
"1094",-341,"RLA496830S",0.737,9.2760625,-0.277915,2019-10-30 17:05:00
"1095",-349,"RLA496830S",0.737,9.283875,-0.284435,2019-10-30 17:05:00
"1096",-347,"RLA496830S",0.737,9.2916875,-0.282805,2019-10-30 17:05:00
"1097",-347,"RLA496830S",0.737,9.2995,-0.282805,2019-10-30 17:05:00
"1098",-353,"RLA496830S",0.737,9.3073125,-0.287695,2019-10-30 17:05:00
"1099",-352,"RLA496830S",0.737,9.315125,-0.28688,2019-10-30 17:05:00
"1100",-348,"RLA496830S",0.737,9.3229375,-0.28362,2019-10-30 17:05:00
"1101",-352,"RLA496830S",0.737,9.33075,-0.28688,2019-10-30 17:05:00
"1102",-367,"RLA496830S",0.737,9.3385625,-0.299105,2019-10-30 17:05:00
"1103",-384,"RLA496830S",0.737,9.346375,-0.31296,2019-10-30 17:05:00
"1104",-419,"RLA496830S",0.737,9.3541875,-0.341485,2019-10-30 17:05:00
"1105",-483,"RLA496830S",0.737,9.362,-0.393645,2019-10-30 17:05:00
"1106",-616,"RLA496830S",0.737,9.3698125,-0.50204,2019-10-30 17:05:00
"1107",-689,"RLA496830S",0.737,9.377625,-0.561535,2019-10-30 17:05:00
"1108",-514,"RLA496830S",0.737,9.3854375,-0.41891,2019-10-30 17:05:00
"1109",-311,"RLA496830S",0.737,9.39325,-0.253465,2019-10-30 17:05:00
"1110",-299,"RLA496830S",0.737,9.4010625,-0.243685,2019-10-30 17:05:00
"1111",-364,"RLA496830S",0.737,9.408875,-0.29666,2019-10-30 17:05:00
"1112",-383,"RLA496830S",0.737,9.4166875,-0.312145,2019-10-30 17:05:00
"1113",-385,"RLA496830S",0.737,9.4245,-0.313775,2019-10-30 17:05:00
"1114",-402,"RLA496830S",0.737,9.4323125,-0.32763,2019-10-30 17:05:00
"1115",-409,"RLA496830S",0.737,9.440125,-0.333335,2019-10-30 17:05:00
"1116",-415,"RLA496830S",0.737,9.4479375,-0.338225,2019-10-30 17:05:00
"1117",-407,"RLA496830S",0.737,9.45575,-0.331705,2019-10-30 17:05:00
"1118",-373,"RLA496830S",0.737,9.4635625,-0.303995,2019-10-30 17:05:00
"1119",-420,"RLA496830S",0.737,9.471375,-0.3423,2019-10-30 17:05:00
"1120",-760,"RLA496830S",0.737,9.4791875,-0.6194,2019-10-30 17:05:00
"1121",-944,"RLA496830S",0.737,9.487,-0.76936,2019-10-30 17:05:00
"1122",-761,"RLA496830S",0.737,9.4948125,-0.620215,2019-10-30 17:05:00
"1123",-474,"RLA496830S",0.737,9.502625,-0.38631,2019-10-30 17:05:00
"1124",-412,"RLA496830S",0.737,9.5104375,-0.33578,2019-10-30 17:05:00
"1125",-395,"RLA496830S",0.737,9.51825,-0.321925,2019-10-30 17:05:00
"1126",-359,"RLA496830S",0.737,9.5260625,-0.292585,2019-10-30 17:05:00
"1127",-391,"RLA496830S",0.737,9.533875,-0.318665,2019-10-30 17:05:00
"1128",-374,"RLA496830S",0.737,9.5416875,-0.30481,2019-10-30 17:05:00
"1129",-365,"RLA496830S",0.737,9.5495,-0.297475,2019-10-30 17:05:00
"1130",-383,"RLA496830S",0.737,9.5573125,-0.312145,2019-10-30 17:05:00
"1131",-373,"RLA496830S",0.737,9.565125,-0.303995,2019-10-30 17:05:00
"1132",-367,"RLA496830S",0.737,9.5729375,-0.299105,2019-10-30 17:05:00
"1133",-380,"RLA496830S",0.737,9.58075,-0.3097,2019-10-30 17:05:00
"1134",-382,"RLA496830S",0.737,9.5885625,-0.31133,2019-10-30 17:05:00
"1135",-389,"RLA496830S",0.737,9.596375,-0.317035,2019-10-30 17:05:00
"1136",-389,"RLA496830S",0.737,9.6041875,-0.317035,2019-10-30 17:05:00
"1137",-384,"RLA496830S",0.737,9.612,-0.31296,2019-10-30 17:05:00
"1138",-405,"RLA496830S",0.737,9.6198125,-0.330075,2019-10-30 17:05:00
"1139",-424,"RLA496830S",0.737,9.627625,-0.34556,2019-10-30 17:05:00
"1140",-451,"RLA496830S",0.737,9.6354375,-0.367565,2019-10-30 17:05:00
"1141",-488,"RLA496830S",0.737,9.64325,-0.39772,2019-10-30 17:05:00
"1142",-517,"RLA496830S",0.737,9.6510625,-0.421355,2019-10-30 17:05:00
"1143",-546,"RLA496830S",0.737,9.658875,-0.44499,2019-10-30 17:05:00
"1144",-581,"RLA496830S",0.737,9.6666875,-0.473515,2019-10-30 17:05:00
"1145",-615,"RLA496830S",0.737,9.6745,-0.501225,2019-10-30 17:05:00
"1146",-640,"RLA496830S",0.737,9.6823125,-0.5216,2019-10-30 17:05:00
"1147",-609,"RLA496830S",0.737,9.690125,-0.496335,2019-10-30 17:05:00
"1148",-515,"RLA496830S",0.737,9.6979375,-0.419725,2019-10-30 17:05:00
"1149",-421,"RLA496830S",0.737,9.70575,-0.343115,2019-10-30 17:05:00
"1150",-366,"RLA496830S",0.737,9.7135625,-0.29829,2019-10-30 17:05:00
"1151",-336,"RLA496830S",0.737,9.721375,-0.27384,2019-10-30 17:05:00
"1152",-326,"RLA496830S",0.737,9.7291875,-0.26569,2019-10-30 17:05:00
"1153",-324,"RLA496830S",0.737,9.737,-0.26406,2019-10-30 17:05:00
"1154",-316,"RLA496830S",0.737,9.7448125,-0.25754,2019-10-30 17:05:00
"1155",-314,"RLA496830S",0.737,9.752625,-0.25591,2019-10-30 17:05:00
"1156",-316,"RLA496830S",0.737,9.7604375,-0.25754,2019-10-30 17:05:00
"1157",-321,"RLA496830S",0.737,9.76825,-0.261615,2019-10-30 17:05:00
"1158",-331,"RLA496830S",0.737,9.7760625,-0.269765,2019-10-30 17:05:00
"1159",-330,"RLA496830S",0.737,9.783875,-0.26895,2019-10-30 17:05:00
"1160",-331,"RLA496830S",0.737,9.7916875,-0.269765,2019-10-30 17:05:00
"1161",-341,"RLA496830S",0.737,9.7995,-0.277915,2019-10-30 17:05:00
"1162",-342,"RLA496830S",0.737,9.8073125,-0.27873,2019-10-30 17:05:00
"1163",-342,"RLA496830S",0.737,9.815125,-0.27873,2019-10-30 17:05:00
"1164",-345,"RLA496830S",0.737,9.8229375,-0.281175,2019-10-30 17:05:00
"1165",-346,"RLA496830S",0.737,9.83075,-0.28199,2019-10-30 17:05:00
"1166",-344,"RLA496830S",0.737,9.8385625,-0.28036,2019-10-30 17:05:00
"1167",-343,"RLA496830S",0.737,9.846375,-0.279545,2019-10-30 17:05:00
"1168",-338,"RLA496830S",0.737,9.8541875,-0.27547,2019-10-30 17:05:00
"1169",-339,"RLA496830S",0.737,9.862,-0.276285,2019-10-30 17:05:00
"1170",-343,"RLA496830S",0.737,9.8698125,-0.279545,2019-10-30 17:05:00
"1171",-338,"RLA496830S",0.737,9.877625,-0.27547,2019-10-30 17:05:00
"1172",-336,"RLA496830S",0.737,9.8854375,-0.27384,2019-10-30 17:05:00
"1173",-340,"RLA496830S",0.737,9.89325,-0.2771,2019-10-30 17:05:00
"1174",-339,"RLA496830S",0.737,9.9010625,-0.276285,2019-10-30 17:05:00
"1175",-344,"RLA496830S",0.737,9.908875,-0.28036,2019-10-30 17:05:00
"1176",-348,"RLA496830S",0.737,9.9166875,-0.28362,2019-10-30 17:05:00
"1177",-340,"RLA496830S",0.737,9.9245,-0.2771,2019-10-30 17:05:00
"1178",-339,"RLA496830S",0.737,9.9323125,-0.276285,2019-10-30 17:05:00
"1179",-344,"RLA496830S",0.737,9.940125,-0.28036,2019-10-30 17:05:00
"1180",-340,"RLA496830S",0.737,9.9479375,-0.2771,2019-10-30 17:05:00
"1181",-339,"RLA496830S",0.737,9.95575,-0.276285,2019-10-30 17:05:00
"1182",-343,"RLA496830S",0.737,9.9635625,-0.279545,2019-10-30 17:05:00
"1183",-344,"RLA496830S",0.737,9.971375,-0.28036,2019-10-30 17:05:00
"1184",-345,"RLA496830S",0.737,9.9791875,-0.281175,2019-10-30 17:05:00
"1185",-347,"RLA496830S",0.737,9.987,-0.282805,2019-10-30 17:05:00
"1186",-343,"RLA496830S",0.737,9.9948125,-0.279545,2019-10-30 17:05:00
"1187",-342,"RLA496830S",0.737,10.002625,-0.27873,2019-10-30 17:05:00
"1188",-352,"RLA496830S",0.737,10.0104375,-0.28688,2019-10-30 17:05:00
"1189",-367,"RLA496830S",0.737,10.01825,-0.299105,2019-10-30 17:05:00
"1190",-387,"RLA496830S",0.737,10.0260625,-0.315405,2019-10-30 17:05:00
"1191",-402,"RLA496830S",0.737,10.033875,-0.32763,2019-10-30 17:05:00
"1192",-424,"RLA496830S",0.737,10.0416875,-0.34556,2019-10-30 17:05:00
"1193",-537,"RLA496830S",0.737,10.0495,-0.437655,2019-10-30 17:05:00
"1194",-706,"RLA496830S",0.737,10.0573125,-0.57539,2019-10-30 17:05:00
"1195",-722,"RLA496830S",0.737,10.065125,-0.58843,2019-10-30 17:05:00
"1196",-481,"RLA496830S",0.737,10.0729375,-0.392015,2019-10-30 17:05:00
"1197",-305,"RLA496830S",0.737,10.08075,-0.248575,2019-10-30 17:05:00
"1198",-347,"RLA496830S",0.737,10.0885625,-0.282805,2019-10-30 17:05:00
"1199",-376,"RLA496830S",0.737,10.096375,-0.30644,2019-10-30 17:05:00
"1200",-379,"RLA496830S",0.737,10.1041875,-0.308885,2019-10-30 17:05:00
"1201",-401,"RLA496830S",0.737,10.112,-0.326815,2019-10-30 17:05:00
"1202",-405,"RLA496830S",0.737,10.1198125,-0.330075,2019-10-30 17:05:00
"1203",-416,"RLA496830S",0.737,10.127625,-0.33904,2019-10-30 17:05:00
"1204",-420,"RLA496830S",0.737,10.1354375,-0.3423,2019-10-30 17:05:00
"1205",-383,"RLA496830S",0.737,10.14325,-0.312145,2019-10-30 17:05:00
"1206",-371,"RLA496830S",0.737,10.1510625,-0.302365,2019-10-30 17:05:00
"1207",-502,"RLA496830S",0.737,10.158875,-0.40913,2019-10-30 17:05:00
"1208",-896,"RLA496830S",0.737,10.1666875,-0.73024,2019-10-30 17:05:00
"1209",-963,"RLA496830S",0.737,10.1745,-0.784845,2019-10-30 17:05:00
"1210",-651,"RLA496830S",0.737,10.1823125,-0.530565,2019-10-30 17:05:00
"1211",-403,"RLA496830S",0.737,10.190125,-0.328445,2019-10-30 17:05:00
"1212",-409,"RLA496830S",0.737,10.1979375,-0.333335,2019-10-30 17:05:00
"1213",-431,"RLA496830S",0.737,10.20575,-0.351265,2019-10-30 17:05:00
"1214",-394,"RLA496830S",0.737,10.2135625,-0.32111,2019-10-30 17:05:00
"1215",-378,"RLA496830S",0.737,10.221375,-0.30807,2019-10-30 17:05:00
"1216",-358,"RLA496830S",0.737,10.2291875,-0.29177,2019-10-30 17:05:00
"1217",-347,"RLA496830S",0.737,10.237,-0.282805,2019-10-30 17:05:00
"1218",-364,"RLA496830S",0.737,10.2448125,-0.29666,2019-10-30 17:05:00
"1219",-375,"RLA496830S",0.737,10.252625,-0.305625,2019-10-30 17:05:00
"1220",-378,"RLA496830S",0.737,10.2604375,-0.30807,2019-10-30 17:05:00
"1221",-381,"RLA496830S",0.737,10.26825,-0.310515,2019-10-30 17:05:00
"1222",-378,"RLA496830S",0.737,10.2760625,-0.30807,2019-10-30 17:05:00
"1223",-385,"RLA496830S",0.737,10.283875,-0.313775,2019-10-30 17:05:00
"1224",-395,"RLA496830S",0.737,10.2916875,-0.321925,2019-10-30 17:05:00
"1225",-405,"RLA496830S",0.737,10.2995,-0.330075,2019-10-30 17:05:00
"1226",-419,"RLA496830S",0.737,10.3073125,-0.341485,2019-10-30 17:05:00
"1227",-434,"RLA496830S",0.737,10.315125,-0.35371,2019-10-30 17:05:00
"1228",-460,"RLA496830S",0.737,10.3229375,-0.3749,2019-10-30 17:05:00
"1229",-489,"RLA496830S",0.737,10.33075,-0.398535,2019-10-30 17:05:00
"1230",-517,"RLA496830S",0.737,10.3385625,-0.421355,2019-10-30 17:05:00
"1231",-541,"RLA496830S",0.737,10.346375,-0.440915,2019-10-30 17:05:00
"1232",-572,"RLA496830S",0.737,10.3541875,-0.46618,2019-10-30 17:05:00
"1233",-607,"RLA496830S",0.737,10.362,-0.494705,2019-10-30 17:05:00
"1234",-617,"RLA496830S",0.737,10.3698125,-0.502855,2019-10-30 17:05:00
"1235",-555,"RLA496830S",0.737,10.377625,-0.452325,2019-10-30 17:05:00
"1236",-456,"RLA496830S",0.737,10.3854375,-0.37164,2019-10-30 17:05:00
"1237",-384,"RLA496830S",0.737,10.39325,-0.31296,2019-10-30 17:05:00
"1238",-348,"RLA496830S",0.737,10.4010625,-0.28362,2019-10-30 17:05:00
"1239",-326,"RLA496830S",0.737,10.408875,-0.26569,2019-10-30 17:05:00
"1240",-316,"RLA496830S",0.737,10.4166875,-0.25754,2019-10-30 17:05:00
"1241",-321,"RLA496830S",0.737,10.4245,-0.261615,2019-10-30 17:05:00
"1242",-324,"RLA496830S",0.737,10.4323125,-0.26406,2019-10-30 17:05:00
"1243",-324,"RLA496830S",0.737,10.440125,-0.26406,2019-10-30 17:05:00
"1244",-324,"RLA496830S",0.737,10.4479375,-0.26406,2019-10-30 17:05:00
"1245",-331,"RLA496830S",0.737,10.45575,-0.269765,2019-10-30 17:05:00
"1246",-338,"RLA496830S",0.737,10.4635625,-0.27547,2019-10-30 17:05:00
"1247",-336,"RLA496830S",0.737,10.471375,-0.27384,2019-10-30 17:05:00
"1248",-337,"RLA496830S",0.737,10.4791875,-0.274655,2019-10-30 17:05:00
"1249",-344,"RLA496830S",0.737,10.487,-0.28036,2019-10-30 17:05:00
"1250",-343,"RLA496830S",0.737,10.4948125,-0.279545,2019-10-30 17:05:00
"1251",-339,"RLA496830S",0.737,10.502625,-0.276285,2019-10-30 17:05:00
"1252",-343,"RLA496830S",0.737,10.5104375,-0.279545,2019-10-30 17:05:00
"1253",-351,"RLA496830S",0.737,10.51825,-0.286065,2019-10-30 17:05:00
"1254",-349,"RLA496830S",0.737,10.5260625,-0.284435,2019-10-30 17:05:00
"1255",-346,"RLA496830S",0.737,10.533875,-0.28199,2019-10-30 17:05:00
"1256",-354,"RLA496830S",0.737,10.5416875,-0.28851,2019-10-30 17:05:00
"1257",-349,"RLA496830S",0.737,10.5495,-0.284435,2019-10-30 17:05:00
"1258",-345,"RLA496830S",0.737,10.5573125,-0.281175,2019-10-30 17:05:00
"1259",-348,"RLA496830S",0.737,10.565125,-0.28362,2019-10-30 17:05:00
"1260",-351,"RLA496830S",0.737,10.5729375,-0.286065,2019-10-30 17:05:00
"1261",-352,"RLA496830S",0.737,10.58075,-0.28688,2019-10-30 17:05:00
"1262",-347,"RLA496830S",0.737,10.5885625,-0.282805,2019-10-30 17:05:00
"1263",-345,"RLA496830S",0.737,10.596375,-0.281175,2019-10-30 17:05:00
"1264",-343,"RLA496830S",0.737,10.6041875,-0.279545,2019-10-30 17:05:00
"1265",-346,"RLA496830S",0.737,10.612,-0.28199,2019-10-30 17:05:00
"1266",-353,"RLA496830S",0.737,10.6198125,-0.287695,2019-10-30 17:05:00
"1267",-352,"RLA496830S",0.737,10.627625,-0.28688,2019-10-30 17:05:00
"1268",-348,"RLA496830S",0.737,10.6354375,-0.28362,2019-10-30 17:05:00
"1269",-356,"RLA496830S",0.737,10.64325,-0.29014,2019-10-30 17:05:00
"1270",-375,"RLA496830S",0.737,10.6510625,-0.305625,2019-10-30 17:05:00
"1271",-392,"RLA496830S",0.737,10.658875,-0.31948,2019-10-30 17:05:00
"1272",-398,"RLA496830S",0.737,10.6666875,-0.32437,2019-10-30 17:05:00
"1273",-427,"RLA496830S",0.737,10.6745,-0.348005,2019-10-30 17:05:00
"1274",-551,"RLA496830S",0.737,10.6823125,-0.449065,2019-10-30 17:05:00
"1275",-748,"RLA496830S",0.737,10.690125,-0.60962,2019-10-30 17:05:00
"1276",-812,"RLA496830S",0.737,10.6979375,-0.66178,2019-10-30 17:05:00
"1277",-364,"RLA496830S",0.737,10.70575,-0.29666,2019-10-30 17:05:00
"1278",-312,"RLA496830S",0.737,10.7135625,-0.25428,2019-10-30 17:05:00
