"","waveform","serial","offset","time.sec","voltage.mv","date.time"
"1",-589,"RLA496825S",0.447,0.447,-0.480035,2018-12-31 19:05:00
"2",-429,"RLA496825S",0.447,0.4548125,-0.349635,2018-12-31 19:05:00
"3",-573,"RLA496825S",0.447,0.462625,-0.466995,2018-12-31 19:05:00
"4",-525,"RLA496825S",0.447,0.4704375,-0.427875,2018-12-31 19:05:00
"5",-492,"RLA496825S",0.447,0.47825,-0.40098,2018-12-31 19:05:00
"6",-517,"RLA496825S",0.447,0.4860625,-0.421355,2018-12-31 19:05:00
"7",-512,"RLA496825S",0.447,0.493875,-0.41728,2018-12-31 19:05:00
"8",-551,"RLA496825S",0.447,0.5016875,-0.449065,2018-12-31 19:05:00
"9",-607,"RLA496825S",0.447,0.5095,-0.494705,2018-12-31 19:05:00
"10",-572,"RLA496825S",0.447,0.5173125,-0.46618,2018-12-31 19:05:00
"11",-573,"RLA496825S",0.447,0.525125,-0.466995,2018-12-31 19:05:00
"12",-599,"RLA496825S",0.447,0.5329375,-0.488185,2018-12-31 19:05:00
"13",-626,"RLA496825S",0.447,0.54075,-0.51019,2018-12-31 19:05:00
"14",-655,"RLA496825S",0.447,0.5485625,-0.533825,2018-12-31 19:05:00
"15",-628,"RLA496825S",0.447,0.556375,-0.51182,2018-12-31 19:05:00
"16",-572,"RLA496825S",0.447,0.5641875,-0.46618,2018-12-31 19:05:00
"17",-500,"RLA496825S",0.447,0.572,-0.4075,2018-12-31 19:05:00
"18",-428,"RLA496825S",0.447,0.5798125,-0.34882,2018-12-31 19:05:00
"19",-401,"RLA496825S",0.447,0.587625,-0.326815,2018-12-31 19:05:00
"20",-378,"RLA496825S",0.447,0.5954375,-0.30807,2018-12-31 19:05:00
"21",-376,"RLA496825S",0.447,0.60325,-0.30644,2018-12-31 19:05:00
"22",-384,"RLA496825S",0.447,0.6110625,-0.31296,2018-12-31 19:05:00
"23",-352,"RLA496825S",0.447,0.618875,-0.28688,2018-12-31 19:05:00
"24",-346,"RLA496825S",0.447,0.6266875,-0.28199,2018-12-31 19:05:00
"25",-347,"RLA496825S",0.447,0.6345,-0.282805,2018-12-31 19:05:00
"26",-341,"RLA496825S",0.447,0.6423125,-0.277915,2018-12-31 19:05:00
"27",-346,"RLA496825S",0.447,0.650125,-0.28199,2018-12-31 19:05:00
"28",-349,"RLA496825S",0.447,0.6579375,-0.284435,2018-12-31 19:05:00
"29",-347,"RLA496825S",0.447,0.66575,-0.282805,2018-12-31 19:05:00
"30",-344,"RLA496825S",0.447,0.6735625,-0.28036,2018-12-31 19:05:00
"31",-344,"RLA496825S",0.447,0.681375,-0.28036,2018-12-31 19:05:00
"32",-350,"RLA496825S",0.447,0.6891875,-0.28525,2018-12-31 19:05:00
"33",-347,"RLA496825S",0.447,0.697,-0.282805,2018-12-31 19:05:00
"34",-341,"RLA496825S",0.447,0.7048125,-0.277915,2018-12-31 19:05:00
"35",-354,"RLA496825S",0.447,0.712625,-0.28851,2018-12-31 19:05:00
"36",-340,"RLA496825S",0.447,0.7204375,-0.2771,2018-12-31 19:05:00
"37",-311,"RLA496825S",0.447,0.72825,-0.253465,2018-12-31 19:05:00
"38",-337,"RLA496825S",0.447,0.7360625,-0.274655,2018-12-31 19:05:00
"39",-389,"RLA496825S",0.447,0.743875,-0.317035,2018-12-31 19:05:00
"40",-402,"RLA496825S",0.447,0.7516875,-0.32763,2018-12-31 19:05:00
"41",-364,"RLA496825S",0.447,0.7595,-0.29666,2018-12-31 19:05:00
"42",-342,"RLA496825S",0.447,0.7673125,-0.27873,2018-12-31 19:05:00
"43",-368,"RLA496825S",0.447,0.775125,-0.29992,2018-12-31 19:05:00
"44",-389,"RLA496825S",0.447,0.7829375,-0.317035,2018-12-31 19:05:00
"45",-392,"RLA496825S",0.447,0.79075,-0.31948,2018-12-31 19:05:00
"46",-391,"RLA496825S",0.447,0.7985625,-0.318665,2018-12-31 19:05:00
"47",-390,"RLA496825S",0.447,0.806375,-0.31785,2018-12-31 19:05:00
"48",-380,"RLA496825S",0.447,0.8141875,-0.3097,2018-12-31 19:05:00
"49",-422,"RLA496825S",0.447,0.822,-0.34393,2018-12-31 19:05:00
"50",-661,"RLA496825S",0.447,0.8298125,-0.538715,2018-12-31 19:05:00
"51",-726,"RLA496825S",0.447,0.837625,-0.59169,2018-12-31 19:05:00
"52",-317,"RLA496825S",0.447,0.8454375,-0.258355,2018-12-31 19:05:00
"53",-137,"RLA496825S",0.447,0.85325,-0.111655,2018-12-31 19:05:00
"54",-360,"RLA496825S",0.447,0.8610625,-0.2934,2018-12-31 19:05:00
"55",-427,"RLA496825S",0.447,0.868875,-0.348005,2018-12-31 19:05:00
"56",-378,"RLA496825S",0.447,0.8766875,-0.30807,2018-12-31 19:05:00
"57",-432,"RLA496825S",0.447,0.8845,-0.35208,2018-12-31 19:05:00
"58",-443,"RLA496825S",0.447,0.8923125,-0.361045,2018-12-31 19:05:00
"59",-430,"RLA496825S",0.447,0.900125,-0.35045,2018-12-31 19:05:00
"60",-455,"RLA496825S",0.447,0.9079375,-0.370825,2018-12-31 19:05:00
"61",-459,"RLA496825S",0.447,0.91575,-0.374085,2018-12-31 19:05:00
"62",-483,"RLA496825S",0.447,0.9235625,-0.393645,2018-12-31 19:05:00
"63",-524,"RLA496825S",0.447,0.931375,-0.42706,2018-12-31 19:05:00
"64",-495,"RLA496825S",0.447,0.9391875,-0.403425,2018-12-31 19:05:00
"65",-517,"RLA496825S",0.447,0.947,-0.421355,2018-12-31 19:05:00
"66",-539,"RLA496825S",0.447,0.9548125,-0.439285,2018-12-31 19:05:00
"67",-554,"RLA496825S",0.447,0.962625,-0.45151,2018-12-31 19:05:00
"68",-569,"RLA496825S",0.447,0.9704375,-0.463735,2018-12-31 19:05:00
"69",-551,"RLA496825S",0.447,0.97825,-0.449065,2018-12-31 19:05:00
"70",-506,"RLA496825S",0.447,0.9860625,-0.41239,2018-12-31 19:05:00
"71",-445,"RLA496825S",0.447,0.993875,-0.362675,2018-12-31 19:05:00
"72",-406,"RLA496825S",0.447,1.0016875,-0.33089,2018-12-31 19:05:00
"73",-404,"RLA496825S",0.447,1.0095,-0.32926,2018-12-31 19:05:00
"74",-393,"RLA496825S",0.447,1.0173125,-0.320295,2018-12-31 19:05:00
"75",-396,"RLA496825S",0.447,1.025125,-0.32274,2018-12-31 19:05:00
"76",-405,"RLA496825S",0.447,1.0329375,-0.330075,2018-12-31 19:05:00
"77",-395,"RLA496825S",0.447,1.04075,-0.321925,2018-12-31 19:05:00
"78",-396,"RLA496825S",0.447,1.0485625,-0.32274,2018-12-31 19:05:00
"79",-401,"RLA496825S",0.447,1.056375,-0.326815,2018-12-31 19:05:00
"80",-408,"RLA496825S",0.447,1.0641875,-0.33252,2018-12-31 19:05:00
"81",-410,"RLA496825S",0.447,1.072,-0.33415,2018-12-31 19:05:00
"82",-406,"RLA496825S",0.447,1.0798125,-0.33089,2018-12-31 19:05:00
"83",-408,"RLA496825S",0.447,1.087625,-0.33252,2018-12-31 19:05:00
"84",-416,"RLA496825S",0.447,1.0954375,-0.33904,2018-12-31 19:05:00
"85",-429,"RLA496825S",0.447,1.10325,-0.349635,2018-12-31 19:05:00
"86",-430,"RLA496825S",0.447,1.1110625,-0.35045,2018-12-31 19:05:00
"87",-425,"RLA496825S",0.447,1.118875,-0.346375,2018-12-31 19:05:00
"88",-434,"RLA496825S",0.447,1.1266875,-0.35371,2018-12-31 19:05:00
"89",-439,"RLA496825S",0.447,1.1345,-0.357785,2018-12-31 19:05:00
"90",-443,"RLA496825S",0.447,1.1423125,-0.361045,2018-12-31 19:05:00
"91",-435,"RLA496825S",0.447,1.150125,-0.354525,2018-12-31 19:05:00
"92",-408,"RLA496825S",0.447,1.1579375,-0.33252,2018-12-31 19:05:00
"93",-398,"RLA496825S",0.447,1.16575,-0.32437,2018-12-31 19:05:00
"94",-425,"RLA496825S",0.447,1.1735625,-0.346375,2018-12-31 19:05:00
"95",-450,"RLA496825S",0.447,1.181375,-0.36675,2018-12-31 19:05:00
"96",-449,"RLA496825S",0.447,1.1891875,-0.365935,2018-12-31 19:05:00
"97",-443,"RLA496825S",0.447,1.197,-0.361045,2018-12-31 19:05:00
"98",-441,"RLA496825S",0.447,1.2048125,-0.359415,2018-12-31 19:05:00
"99",-420,"RLA496825S",0.447,1.212625,-0.3423,2018-12-31 19:05:00
"100",-502,"RLA496825S",0.447,1.2204375,-0.40913,2018-12-31 19:05:00
"101",-673,"RLA496825S",0.447,1.22825,-0.548495,2018-12-31 19:05:00
"102",-447,"RLA496825S",0.447,1.2360625,-0.364305,2018-12-31 19:05:00
"103",-102,"RLA496825S",0.447,1.243875,-0.08313,2018-12-31 19:05:00
"104",-307,"RLA496825S",0.447,1.2516875,-0.250205,2018-12-31 19:05:00
"105",-500,"RLA496825S",0.447,1.2595,-0.4075,2018-12-31 19:05:00
"106",-487,"RLA496825S",0.447,1.2673125,-0.396905,2018-12-31 19:05:00
"107",-477,"RLA496825S",0.447,1.275125,-0.388755,2018-12-31 19:05:00
"108",-502,"RLA496825S",0.447,1.2829375,-0.40913,2018-12-31 19:05:00
"109",-480,"RLA496825S",0.447,1.29075,-0.3912,2018-12-31 19:05:00
"110",-510,"RLA496825S",0.447,1.2985625,-0.41565,2018-12-31 19:05:00
"111",-543,"RLA496825S",0.447,1.306375,-0.442545,2018-12-31 19:05:00
"112",-489,"RLA496825S",0.447,1.3141875,-0.398535,2018-12-31 19:05:00
"113",-508,"RLA496825S",0.447,1.322,-0.41402,2018-12-31 19:05:00
"114",-529,"RLA496825S",0.447,1.3298125,-0.431135,2018-12-31 19:05:00
"115",-553,"RLA496825S",0.447,1.337625,-0.450695,2018-12-31 19:05:00
"116",-574,"RLA496825S",0.447,1.3454375,-0.46781,2018-12-31 19:05:00
"117",-588,"RLA496825S",0.447,1.35325,-0.47922,2018-12-31 19:05:00
"118",-613,"RLA496825S",0.447,1.3610625,-0.499595,2018-12-31 19:05:00
"119",-591,"RLA496825S",0.447,1.368875,-0.481665,2018-12-31 19:05:00
"120",-544,"RLA496825S",0.447,1.3766875,-0.44336,2018-12-31 19:05:00
"121",-505,"RLA496825S",0.447,1.3845,-0.411575,2018-12-31 19:05:00
"122",-460,"RLA496825S",0.447,1.3923125,-0.3749,2018-12-31 19:05:00
"123",-447,"RLA496825S",0.447,1.400125,-0.364305,2018-12-31 19:05:00
"124",-448,"RLA496825S",0.447,1.4079375,-0.36512,2018-12-31 19:05:00
"125",-439,"RLA496825S",0.447,1.41575,-0.357785,2018-12-31 19:05:00
"126",-441,"RLA496825S",0.447,1.4235625,-0.359415,2018-12-31 19:05:00
"127",-444,"RLA496825S",0.447,1.431375,-0.36186,2018-12-31 19:05:00
"128",-457,"RLA496825S",0.447,1.4391875,-0.372455,2018-12-31 19:05:00
"129",-455,"RLA496825S",0.447,1.447,-0.370825,2018-12-31 19:05:00
"130",-445,"RLA496825S",0.447,1.4548125,-0.362675,2018-12-31 19:05:00
"131",-455,"RLA496825S",0.447,1.462625,-0.370825,2018-12-31 19:05:00
"132",-459,"RLA496825S",0.447,1.4704375,-0.374085,2018-12-31 19:05:00
"133",-455,"RLA496825S",0.447,1.47825,-0.370825,2018-12-31 19:05:00
"134",-456,"RLA496825S",0.447,1.4860625,-0.37164,2018-12-31 19:05:00
"135",-458,"RLA496825S",0.447,1.493875,-0.37327,2018-12-31 19:05:00
"136",-463,"RLA496825S",0.447,1.5016875,-0.377345,2018-12-31 19:05:00
"137",-467,"RLA496825S",0.447,1.5095,-0.380605,2018-12-31 19:05:00
"138",-458,"RLA496825S",0.447,1.5173125,-0.37327,2018-12-31 19:05:00
"139",-453,"RLA496825S",0.447,1.525125,-0.369195,2018-12-31 19:05:00
"140",-453,"RLA496825S",0.447,1.5329375,-0.369195,2018-12-31 19:05:00
"141",-432,"RLA496825S",0.447,1.54075,-0.35208,2018-12-31 19:05:00
"142",-419,"RLA496825S",0.447,1.5485625,-0.341485,2018-12-31 19:05:00
"143",-446,"RLA496825S",0.447,1.556375,-0.36349,2018-12-31 19:05:00
"144",-471,"RLA496825S",0.447,1.5641875,-0.383865,2018-12-31 19:05:00
"145",-466,"RLA496825S",0.447,1.572,-0.37979,2018-12-31 19:05:00
"146",-457,"RLA496825S",0.447,1.5798125,-0.372455,2018-12-31 19:05:00
"147",-458,"RLA496825S",0.447,1.587625,-0.37327,2018-12-31 19:05:00
"148",-439,"RLA496825S",0.447,1.5954375,-0.357785,2018-12-31 19:05:00
"149",-487,"RLA496825S",0.447,1.60325,-0.396905,2018-12-31 19:05:00
"150",-777,"RLA496825S",0.447,1.6110625,-0.633255,2018-12-31 19:05:00
"151",-922,"RLA496825S",0.447,1.618875,-0.75143,2018-12-31 19:05:00
"152",-375,"RLA496825S",0.447,1.6266875,-0.305625,2018-12-31 19:05:00
"153",-184,"RLA496825S",0.447,1.6345,-0.14996,2018-12-31 19:05:00
"154",-410,"RLA496825S",0.447,1.6423125,-0.33415,2018-12-31 19:05:00
"155",-516,"RLA496825S",0.447,1.650125,-0.42054,2018-12-31 19:05:00
"156",-490,"RLA496825S",0.447,1.6579375,-0.39935,2018-12-31 19:05:00
"157",-518,"RLA496825S",0.447,1.66575,-0.42217,2018-12-31 19:05:00
"158",-507,"RLA496825S",0.447,1.6735625,-0.413205,2018-12-31 19:05:00
"159",-479,"RLA496825S",0.447,1.681375,-0.390385,2018-12-31 19:05:00
"160",-526,"RLA496825S",0.447,1.6891875,-0.42869,2018-12-31 19:05:00
"161",-535,"RLA496825S",0.447,1.697,-0.436025,2018-12-31 19:05:00
"162",-546,"RLA496825S",0.447,1.7048125,-0.44499,2018-12-31 19:05:00
"163",-544,"RLA496825S",0.447,1.712625,-0.44336,2018-12-31 19:05:00
"164",-562,"RLA496825S",0.447,1.7204375,-0.45803,2018-12-31 19:05:00
"165",-600,"RLA496825S",0.447,1.72825,-0.489,2018-12-31 19:05:00
"166",-593,"RLA496825S",0.447,1.7360625,-0.483295,2018-12-31 19:05:00
"167",-601,"RLA496825S",0.447,1.743875,-0.489815,2018-12-31 19:05:00
"168",-596,"RLA496825S",0.447,1.7516875,-0.48574,2018-12-31 19:05:00
"169",-555,"RLA496825S",0.447,1.7595,-0.452325,2018-12-31 19:05:00
"170",-510,"RLA496825S",0.447,1.7673125,-0.41565,2018-12-31 19:05:00
"171",-467,"RLA496825S",0.447,1.775125,-0.380605,2018-12-31 19:05:00
"172",-447,"RLA496825S",0.447,1.7829375,-0.364305,2018-12-31 19:05:00
"173",-443,"RLA496825S",0.447,1.79075,-0.361045,2018-12-31 19:05:00
"174",-435,"RLA496825S",0.447,1.7985625,-0.354525,2018-12-31 19:05:00
"175",-442,"RLA496825S",0.447,1.806375,-0.36023,2018-12-31 19:05:00
"176",-447,"RLA496825S",0.447,1.8141875,-0.364305,2018-12-31 19:05:00
"177",-448,"RLA496825S",0.447,1.822,-0.36512,2018-12-31 19:05:00
"178",-445,"RLA496825S",0.447,1.8298125,-0.362675,2018-12-31 19:05:00
"179",-440,"RLA496825S",0.447,1.837625,-0.3586,2018-12-31 19:05:00
"180",-451,"RLA496825S",0.447,1.8454375,-0.367565,2018-12-31 19:05:00
"181",-458,"RLA496825S",0.447,1.85325,-0.37327,2018-12-31 19:05:00
"182",-456,"RLA496825S",0.447,1.8610625,-0.37164,2018-12-31 19:05:00
"183",-454,"RLA496825S",0.447,1.868875,-0.37001,2018-12-31 19:05:00
"184",-460,"RLA496825S",0.447,1.8766875,-0.3749,2018-12-31 19:05:00
"185",-468,"RLA496825S",0.447,1.8845,-0.38142,2018-12-31 19:05:00
"186",-467,"RLA496825S",0.447,1.8923125,-0.380605,2018-12-31 19:05:00
"187",-472,"RLA496825S",0.447,1.900125,-0.38468,2018-12-31 19:05:00
"188",-469,"RLA496825S",0.447,1.9079375,-0.382235,2018-12-31 19:05:00
"189",-433,"RLA496825S",0.447,1.91575,-0.352895,2018-12-31 19:05:00
"190",-414,"RLA496825S",0.447,1.9235625,-0.33741,2018-12-31 19:05:00
"191",-447,"RLA496825S",0.447,1.931375,-0.364305,2018-12-31 19:05:00
"192",-473,"RLA496825S",0.447,1.9391875,-0.385495,2018-12-31 19:05:00
"193",-461,"RLA496825S",0.447,1.947,-0.375715,2018-12-31 19:05:00
"194",-457,"RLA496825S",0.447,1.9548125,-0.372455,2018-12-31 19:05:00
"195",-459,"RLA496825S",0.447,1.962625,-0.374085,2018-12-31 19:05:00
"196",-418,"RLA496825S",0.447,1.9704375,-0.34067,2018-12-31 19:05:00
"197",-483,"RLA496825S",0.447,1.97825,-0.393645,2018-12-31 19:05:00
"198",-682,"RLA496825S",0.447,1.9860625,-0.55583,2018-12-31 19:05:00
"199",-518,"RLA496825S",0.447,1.993875,-0.42217,2018-12-31 19:05:00
"200",-168,"RLA496825S",0.447,2.0016875,-0.13692,2018-12-31 19:05:00
"201",-334,"RLA496825S",0.447,2.0095,-0.27221,2018-12-31 19:05:00
"202",-501,"RLA496825S",0.447,2.0173125,-0.408315,2018-12-31 19:05:00
"203",-493,"RLA496825S",0.447,2.025125,-0.401795,2018-12-31 19:05:00
"204",-486,"RLA496825S",0.447,2.0329375,-0.39609,2018-12-31 19:05:00
"205",-510,"RLA496825S",0.447,2.04075,-0.41565,2018-12-31 19:05:00
"206",-492,"RLA496825S",0.447,2.0485625,-0.40098,2018-12-31 19:05:00
"207",-524,"RLA496825S",0.447,2.056375,-0.42706,2018-12-31 19:05:00
"208",-562,"RLA496825S",0.447,2.0641875,-0.45803,2018-12-31 19:05:00
"209",-522,"RLA496825S",0.447,2.072,-0.42543,2018-12-31 19:05:00
"210",-540,"RLA496825S",0.447,2.0798125,-0.4401,2018-12-31 19:05:00
"211",-568,"RLA496825S",0.447,2.087625,-0.46292,2018-12-31 19:05:00
"212",-598,"RLA496825S",0.447,2.0954375,-0.48737,2018-12-31 19:05:00
"213",-614,"RLA496825S",0.447,2.10325,-0.50041,2018-12-31 19:05:00
"214",-604,"RLA496825S",0.447,2.1110625,-0.49226,2018-12-31 19:05:00
"215",-634,"RLA496825S",0.447,2.118875,-0.51671,2018-12-31 19:05:00
"216",-613,"RLA496825S",0.447,2.1266875,-0.499595,2018-12-31 19:05:00
"217",-557,"RLA496825S",0.447,2.1345,-0.453955,2018-12-31 19:05:00
"218",-507,"RLA496825S",0.447,2.1423125,-0.413205,2018-12-31 19:05:00
"219",-460,"RLA496825S",0.447,2.150125,-0.3749,2018-12-31 19:05:00
"220",-442,"RLA496825S",0.447,2.1579375,-0.36023,2018-12-31 19:05:00
"221",-432,"RLA496825S",0.447,2.16575,-0.35208,2018-12-31 19:05:00
"222",-427,"RLA496825S",0.447,2.1735625,-0.348005,2018-12-31 19:05:00
"223",-446,"RLA496825S",0.447,2.181375,-0.36349,2018-12-31 19:05:00
"224",-444,"RLA496825S",0.447,2.1891875,-0.36186,2018-12-31 19:05:00
"225",-437,"RLA496825S",0.447,2.197,-0.356155,2018-12-31 19:05:00
"226",-440,"RLA496825S",0.447,2.2048125,-0.3586,2018-12-31 19:05:00
"227",-444,"RLA496825S",0.447,2.212625,-0.36186,2018-12-31 19:05:00
"228",-444,"RLA496825S",0.447,2.2204375,-0.36186,2018-12-31 19:05:00
"229",-443,"RLA496825S",0.447,2.22825,-0.361045,2018-12-31 19:05:00
"230",-448,"RLA496825S",0.447,2.2360625,-0.36512,2018-12-31 19:05:00
"231",-454,"RLA496825S",0.447,2.243875,-0.37001,2018-12-31 19:05:00
"232",-457,"RLA496825S",0.447,2.2516875,-0.372455,2018-12-31 19:05:00
"233",-458,"RLA496825S",0.447,2.2595,-0.37327,2018-12-31 19:05:00
"234",-464,"RLA496825S",0.447,2.2673125,-0.37816,2018-12-31 19:05:00
"235",-449,"RLA496825S",0.447,2.275125,-0.365935,2018-12-31 19:05:00
"236",-413,"RLA496825S",0.447,2.2829375,-0.336595,2018-12-31 19:05:00
"237",-406,"RLA496825S",0.447,2.29075,-0.33089,2018-12-31 19:05:00
"238",-439,"RLA496825S",0.447,2.2985625,-0.357785,2018-12-31 19:05:00
"239",-460,"RLA496825S",0.447,2.306375,-0.3749,2018-12-31 19:05:00
"240",-454,"RLA496825S",0.447,2.3141875,-0.37001,2018-12-31 19:05:00
"241",-452,"RLA496825S",0.447,2.322,-0.36838,2018-12-31 19:05:00
"242",-450,"RLA496825S",0.447,2.3298125,-0.36675,2018-12-31 19:05:00
"243",-438,"RLA496825S",0.447,2.337625,-0.35697,2018-12-31 19:05:00
"244",-496,"RLA496825S",0.447,2.3454375,-0.40424,2018-12-31 19:05:00
"245",-536,"RLA496825S",0.447,2.35325,-0.43684,2018-12-31 19:05:00
"246",-237,"RLA496825S",0.447,2.3610625,-0.193155,2018-12-31 19:05:00
"247",-77,"RLA496825S",0.447,2.368875,-0.062755,2018-12-31 19:05:00
"248",-446,"RLA496825S",0.447,2.3766875,-0.36349,2018-12-31 19:05:00
"249",-561,"RLA496825S",0.447,2.3845,-0.457215,2018-12-31 19:05:00
"250",-495,"RLA496825S",0.447,2.3923125,-0.403425,2018-12-31 19:05:00
"251",-488,"RLA496825S",0.447,2.400125,-0.39772,2018-12-31 19:05:00
"252",-522,"RLA496825S",0.447,2.4079375,-0.42543,2018-12-31 19:05:00
"253",-509,"RLA496825S",0.447,2.41575,-0.414835,2018-12-31 19:05:00
"254",-530,"RLA496825S",0.447,2.4235625,-0.43195,2018-12-31 19:05:00
"255",-514,"RLA496825S",0.447,2.431375,-0.41891,2018-12-31 19:05:00
"256",-482,"RLA496825S",0.447,2.4391875,-0.39283,2018-12-31 19:05:00
"257",-547,"RLA496825S",0.447,2.447,-0.445805,2018-12-31 19:05:00
"258",-551,"RLA496825S",0.447,2.4548125,-0.449065,2018-12-31 19:05:00
"259",-543,"RLA496825S",0.447,2.462625,-0.442545,2018-12-31 19:05:00
"260",-558,"RLA496825S",0.447,2.4704375,-0.45477,2018-12-31 19:05:00
"261",-582,"RLA496825S",0.447,2.47825,-0.47433,2018-12-31 19:05:00
"262",-588,"RLA496825S",0.447,2.4860625,-0.47922,2018-12-31 19:05:00
"263",-547,"RLA496825S",0.447,2.493875,-0.445805,2018-12-31 19:05:00
"264",-525,"RLA496825S",0.447,2.5016875,-0.427875,2018-12-31 19:05:00
"265",-507,"RLA496825S",0.447,2.5095,-0.413205,2018-12-31 19:05:00
"266",-472,"RLA496825S",0.447,2.5173125,-0.38468,2018-12-31 19:05:00
"267",-451,"RLA496825S",0.447,2.525125,-0.367565,2018-12-31 19:05:00
"268",-443,"RLA496825S",0.447,2.5329375,-0.361045,2018-12-31 19:05:00
"269",-445,"RLA496825S",0.447,2.54075,-0.362675,2018-12-31 19:05:00
"270",-457,"RLA496825S",0.447,2.5485625,-0.372455,2018-12-31 19:05:00
"271",-458,"RLA496825S",0.447,2.556375,-0.37327,2018-12-31 19:05:00
"272",-486,"RLA496825S",0.447,2.5641875,-0.39609,2018-12-31 19:05:00
"273",-491,"RLA496825S",0.447,2.572,-0.400165,2018-12-31 19:05:00
"274",-470,"RLA496825S",0.447,2.5798125,-0.38305,2018-12-31 19:05:00
"275",-467,"RLA496825S",0.447,2.587625,-0.380605,2018-12-31 19:05:00
"276",-469,"RLA496825S",0.447,2.5954375,-0.382235,2018-12-31 19:05:00
"277",-466,"RLA496825S",0.447,2.60325,-0.37979,2018-12-31 19:05:00
"278",-462,"RLA496825S",0.447,2.6110625,-0.37653,2018-12-31 19:05:00
"279",-462,"RLA496825S",0.447,2.618875,-0.37653,2018-12-31 19:05:00
"280",-478,"RLA496825S",0.447,2.6266875,-0.38957,2018-12-31 19:05:00
"281",-467,"RLA496825S",0.447,2.6345,-0.380605,2018-12-31 19:05:00
"282",-451,"RLA496825S",0.447,2.6423125,-0.367565,2018-12-31 19:05:00
"283",-446,"RLA496825S",0.447,2.650125,-0.36349,2018-12-31 19:05:00
"284",-469,"RLA496825S",0.447,2.6579375,-0.382235,2018-12-31 19:05:00
"285",-492,"RLA496825S",0.447,2.66575,-0.40098,2018-12-31 19:05:00
"286",-492,"RLA496825S",0.447,2.6735625,-0.40098,2018-12-31 19:05:00
"287",-492,"RLA496825S",0.447,2.681375,-0.40098,2018-12-31 19:05:00
"288",-484,"RLA496825S",0.447,2.6891875,-0.39446,2018-12-31 19:05:00
"289",-486,"RLA496825S",0.447,2.697,-0.39609,2018-12-31 19:05:00
"290",-517,"RLA496825S",0.447,2.7048125,-0.421355,2018-12-31 19:05:00
"291",-491,"RLA496825S",0.447,2.712625,-0.400165,2018-12-31 19:05:00
"292",-82,"RLA496825S",0.447,2.7204375,-0.06683,2018-12-31 19:05:00
"293",229,"RLA496825S",0.447,2.72825,0.186635,2018-12-31 19:05:00
"294",-151,"RLA496825S",0.447,2.7360625,-0.123065,2018-12-31 19:05:00
"295",-573,"RLA496825S",0.447,2.743875,-0.466995,2018-12-31 19:05:00
"296",-527,"RLA496825S",0.447,2.7516875,-0.429505,2018-12-31 19:05:00
"297",-508,"RLA496825S",0.447,2.7595,-0.41402,2018-12-31 19:05:00
"298",-577,"RLA496825S",0.447,2.7673125,-0.470255,2018-12-31 19:05:00
"299",-564,"RLA496825S",0.447,2.775125,-0.45966,2018-12-31 19:05:00
"300",-532,"RLA496825S",0.447,2.7829375,-0.43358,2018-12-31 19:05:00
"301",-554,"RLA496825S",0.447,2.79075,-0.45151,2018-12-31 19:05:00
"302",-561,"RLA496825S",0.447,2.7985625,-0.457215,2018-12-31 19:05:00
"303",-589,"RLA496825S",0.447,2.806375,-0.480035,2018-12-31 19:05:00
"304",-579,"RLA496825S",0.447,2.8141875,-0.471885,2018-12-31 19:05:00
"305",-580,"RLA496825S",0.447,2.822,-0.4727,2018-12-31 19:05:00
"306",-570,"RLA496825S",0.447,2.8298125,-0.46455,2018-12-31 19:05:00
"307",-542,"RLA496825S",0.447,2.837625,-0.44173,2018-12-31 19:05:00
"308",-576,"RLA496825S",0.447,2.8454375,-0.46944,2018-12-31 19:05:00
"309",-568,"RLA496825S",0.447,2.85325,-0.46292,2018-12-31 19:05:00
"310",-530,"RLA496825S",0.447,2.8610625,-0.43195,2018-12-31 19:05:00
"311",-526,"RLA496825S",0.447,2.868875,-0.42869,2018-12-31 19:05:00
"312",-503,"RLA496825S",0.447,2.8766875,-0.409945,2018-12-31 19:05:00
"313",-497,"RLA496825S",0.447,2.8845,-0.405055,2018-12-31 19:05:00
"314",-509,"RLA496825S",0.447,2.8923125,-0.414835,2018-12-31 19:05:00
"315",-500,"RLA496825S",0.447,2.900125,-0.4075,2018-12-31 19:05:00
"316",-495,"RLA496825S",0.447,2.9079375,-0.403425,2018-12-31 19:05:00
"317",-496,"RLA496825S",0.447,2.91575,-0.40424,2018-12-31 19:05:00
"318",-500,"RLA496825S",0.447,2.9235625,-0.4075,2018-12-31 19:05:00
"319",-498,"RLA496825S",0.447,2.931375,-0.40587,2018-12-31 19:05:00
"320",-489,"RLA496825S",0.447,2.9391875,-0.398535,2018-12-31 19:05:00
"321",-507,"RLA496825S",0.447,2.947,-0.413205,2018-12-31 19:05:00
"322",-509,"RLA496825S",0.447,2.9548125,-0.414835,2018-12-31 19:05:00
"323",-505,"RLA496825S",0.447,2.962625,-0.411575,2018-12-31 19:05:00
"324",-509,"RLA496825S",0.447,2.9704375,-0.414835,2018-12-31 19:05:00
"325",-509,"RLA496825S",0.447,2.97825,-0.414835,2018-12-31 19:05:00
"326",-510,"RLA496825S",0.447,2.9860625,-0.41565,2018-12-31 19:05:00
"327",-513,"RLA496825S",0.447,2.993875,-0.418095,2018-12-31 19:05:00
"328",-514,"RLA496825S",0.447,3.0016875,-0.41891,2018-12-31 19:05:00
"329",-514,"RLA496825S",0.447,3.0095,-0.41891,2018-12-31 19:05:00
"330",-501,"RLA496825S",0.447,3.0173125,-0.408315,2018-12-31 19:05:00
"331",-484,"RLA496825S",0.447,3.025125,-0.39446,2018-12-31 19:05:00
"332",-467,"RLA496825S",0.447,3.0329375,-0.380605,2018-12-31 19:05:00
"333",-475,"RLA496825S",0.447,3.04075,-0.387125,2018-12-31 19:05:00
"334",-501,"RLA496825S",0.447,3.0485625,-0.408315,2018-12-31 19:05:00
"335",-511,"RLA496825S",0.447,3.056375,-0.416465,2018-12-31 19:05:00
"336",-508,"RLA496825S",0.447,3.0641875,-0.41402,2018-12-31 19:05:00
"337",-506,"RLA496825S",0.447,3.072,-0.41239,2018-12-31 19:05:00
"338",-483,"RLA496825S",0.447,3.0798125,-0.393645,2018-12-31 19:05:00
"339",-475,"RLA496825S",0.447,3.087625,-0.387125,2018-12-31 19:05:00
"340",-582,"RLA496825S",0.447,3.0954375,-0.47433,2018-12-31 19:05:00
"341",-486,"RLA496825S",0.447,3.10325,-0.39609,2018-12-31 19:05:00
"342",-32,"RLA496825S",0.447,3.1110625,-0.02608,2018-12-31 19:05:00
"343",-55,"RLA496825S",0.447,3.118875,-0.044825,2018-12-31 19:05:00
"344",-583,"RLA496825S",0.447,3.1266875,-0.475145,2018-12-31 19:05:00
"345",-550,"RLA496825S",0.447,3.1345,-0.44825,2018-12-31 19:05:00
"346",-504,"RLA496825S",0.447,3.1423125,-0.41076,2018-12-31 19:05:00
"347",-574,"RLA496825S",0.447,3.150125,-0.46781,2018-12-31 19:05:00
"348",-571,"RLA496825S",0.447,3.1579375,-0.465365,2018-12-31 19:05:00
"349",-544,"RLA496825S",0.447,3.16575,-0.44336,2018-12-31 19:05:00
"350",-568,"RLA496825S",0.447,3.1735625,-0.46292,2018-12-31 19:05:00
"351",-554,"RLA496825S",0.447,3.181375,-0.45151,2018-12-31 19:05:00
"352",-592,"RLA496825S",0.447,3.1891875,-0.48248,2018-12-31 19:05:00
"353",-576,"RLA496825S",0.447,3.197,-0.46944,2018-12-31 19:05:00
"354",-574,"RLA496825S",0.447,3.2048125,-0.46781,2018-12-31 19:05:00
"355",-629,"RLA496825S",0.447,3.212625,-0.512635,2018-12-31 19:05:00
"356",-594,"RLA496825S",0.447,3.2204375,-0.48411,2018-12-31 19:05:00
"357",-578,"RLA496825S",0.447,3.22825,-0.47107,2018-12-31 19:05:00
"358",-590,"RLA496825S",0.447,3.2360625,-0.48085,2018-12-31 19:05:00
"359",-569,"RLA496825S",0.447,3.243875,-0.463735,2018-12-31 19:05:00
"360",-539,"RLA496825S",0.447,3.2516875,-0.439285,2018-12-31 19:05:00
"361",-508,"RLA496825S",0.447,3.2595,-0.41402,2018-12-31 19:05:00
"362",-504,"RLA496825S",0.447,3.2673125,-0.41076,2018-12-31 19:05:00
"363",-512,"RLA496825S",0.447,3.275125,-0.41728,2018-12-31 19:05:00
"364",-502,"RLA496825S",0.447,3.2829375,-0.40913,2018-12-31 19:05:00
"365",-491,"RLA496825S",0.447,3.29075,-0.400165,2018-12-31 19:05:00
"366",-488,"RLA496825S",0.447,3.2985625,-0.39772,2018-12-31 19:05:00
"367",-502,"RLA496825S",0.447,3.306375,-0.40913,2018-12-31 19:05:00
"368",-491,"RLA496825S",0.447,3.3141875,-0.400165,2018-12-31 19:05:00
"369",-482,"RLA496825S",0.447,3.322,-0.39283,2018-12-31 19:05:00
"370",-493,"RLA496825S",0.447,3.3298125,-0.401795,2018-12-31 19:05:00
"371",-492,"RLA496825S",0.447,3.337625,-0.40098,2018-12-31 19:05:00
"372",-498,"RLA496825S",0.447,3.3454375,-0.40587,2018-12-31 19:05:00
"373",-507,"RLA496825S",0.447,3.35325,-0.413205,2018-12-31 19:05:00
"374",-508,"RLA496825S",0.447,3.3610625,-0.41402,2018-12-31 19:05:00
"375",-516,"RLA496825S",0.447,3.368875,-0.42054,2018-12-31 19:05:00
"376",-517,"RLA496825S",0.447,3.3766875,-0.421355,2018-12-31 19:05:00
"377",-512,"RLA496825S",0.447,3.3845,-0.41728,2018-12-31 19:05:00
"378",-518,"RLA496825S",0.447,3.3923125,-0.42217,2018-12-31 19:05:00
"379",-492,"RLA496825S",0.447,3.400125,-0.40098,2018-12-31 19:05:00
"380",-464,"RLA496825S",0.447,3.4079375,-0.37816,2018-12-31 19:05:00
"381",-492,"RLA496825S",0.447,3.41575,-0.40098,2018-12-31 19:05:00
"382",-520,"RLA496825S",0.447,3.4235625,-0.4238,2018-12-31 19:05:00
"383",-519,"RLA496825S",0.447,3.431375,-0.422985,2018-12-31 19:05:00
"384",-512,"RLA496825S",0.447,3.4391875,-0.41728,2018-12-31 19:05:00
"385",-523,"RLA496825S",0.447,3.447,-0.426245,2018-12-31 19:05:00
"386",-510,"RLA496825S",0.447,3.4548125,-0.41565,2018-12-31 19:05:00
"387",-555,"RLA496825S",0.447,3.462625,-0.452325,2018-12-31 19:05:00
"388",-579,"RLA496825S",0.447,3.4704375,-0.471885,2018-12-31 19:05:00
"389",-119,"RLA496825S",0.447,3.47825,-0.096985,2018-12-31 19:05:00
"390",224,"RLA496825S",0.447,3.4860625,0.18256,2018-12-31 19:05:00
"391",-210,"RLA496825S",0.447,3.493875,-0.17115,2018-12-31 19:05:00
"392",-693,"RLA496825S",0.447,3.5016875,-0.564795,2018-12-31 19:05:00
"393",-615,"RLA496825S",0.447,3.5095,-0.501225,2018-12-31 19:05:00
"394",-607,"RLA496825S",0.447,3.5173125,-0.494705,2018-12-31 19:05:00
"395",-640,"RLA496825S",0.447,3.525125,-0.5216,2018-12-31 19:05:00
"396",-610,"RLA496825S",0.447,3.5329375,-0.49715,2018-12-31 19:05:00
"397",-657,"RLA496825S",0.447,3.54075,-0.535455,2018-12-31 19:05:00
"398",-672,"RLA496825S",0.447,3.5485625,-0.54768,2018-12-31 19:05:00
"399",-617,"RLA496825S",0.447,3.556375,-0.502855,2018-12-31 19:05:00
"400",-681,"RLA496825S",0.447,3.5641875,-0.555015,2018-12-31 19:05:00
"401",-692,"RLA496825S",0.447,3.572,-0.56398,2018-12-31 19:05:00
"402",-705,"RLA496825S",0.447,3.5798125,-0.574575,2018-12-31 19:05:00
"403",-711,"RLA496825S",0.447,3.587625,-0.579465,2018-12-31 19:05:00
"404",-700,"RLA496825S",0.447,3.5954375,-0.5705,2018-12-31 19:05:00
"405",-721,"RLA496825S",0.447,3.60325,-0.587615,2018-12-31 19:05:00
"406",-701,"RLA496825S",0.447,3.6110625,-0.571315,2018-12-31 19:05:00
"407",-668,"RLA496825S",0.447,3.618875,-0.54442,2018-12-31 19:05:00
"408",-621,"RLA496825S",0.447,3.6266875,-0.506115,2018-12-31 19:05:00
"409",-594,"RLA496825S",0.447,3.6345,-0.48411,2018-12-31 19:05:00
"410",-616,"RLA496825S",0.447,3.6423125,-0.50204,2018-12-31 19:05:00
"411",-626,"RLA496825S",0.447,3.650125,-0.51019,2018-12-31 19:05:00
"412",-599,"RLA496825S",0.447,3.6579375,-0.488185,2018-12-31 19:05:00
"413",-595,"RLA496825S",0.447,3.66575,-0.484925,2018-12-31 19:05:00
"414",-593,"RLA496825S",0.447,3.6735625,-0.483295,2018-12-31 19:05:00
"415",-618,"RLA496825S",0.447,3.681375,-0.50367,2018-12-31 19:05:00
"416",-637,"RLA496825S",0.447,3.6891875,-0.519155,2018-12-31 19:05:00
"417",-600,"RLA496825S",0.447,3.697,-0.489,2018-12-31 19:05:00
"418",-585,"RLA496825S",0.447,3.7048125,-0.476775,2018-12-31 19:05:00
"419",-607,"RLA496825S",0.447,3.712625,-0.494705,2018-12-31 19:05:00
"420",-640,"RLA496825S",0.447,3.7204375,-0.5216,2018-12-31 19:05:00
"421",-657,"RLA496825S",0.447,3.72825,-0.535455,2018-12-31 19:05:00
"422",-650,"RLA496825S",0.447,3.7360625,-0.52975,2018-12-31 19:05:00
"423",-611,"RLA496825S",0.447,3.743875,-0.497965,2018-12-31 19:05:00
"424",-600,"RLA496825S",0.447,3.7516875,-0.489,2018-12-31 19:05:00
"425",-624,"RLA496825S",0.447,3.7595,-0.50856,2018-12-31 19:05:00
"426",-610,"RLA496825S",0.447,3.7673125,-0.49715,2018-12-31 19:05:00
"427",-639,"RLA496825S",0.447,3.775125,-0.520785,2018-12-31 19:05:00
"428",-705,"RLA496825S",0.447,3.7829375,-0.574575,2018-12-31 19:05:00
"429",-654,"RLA496825S",0.447,3.79075,-0.53301,2018-12-31 19:05:00
"430",-604,"RLA496825S",0.447,3.7985625,-0.49226,2018-12-31 19:05:00
"431",-664,"RLA496825S",0.447,3.806375,-0.54116,2018-12-31 19:05:00
"432",-676,"RLA496825S",0.447,3.8141875,-0.55094,2018-12-31 19:05:00
"433",-644,"RLA496825S",0.447,3.822,-0.52486,2018-12-31 19:05:00
"434",-583,"RLA496825S",0.447,3.8298125,-0.475145,2018-12-31 19:05:00
"435",-550,"RLA496825S",0.447,3.837625,-0.44825,2018-12-31 19:05:00
"436",-618,"RLA496825S",0.447,3.8454375,-0.50367,2018-12-31 19:05:00
"437",-673,"RLA496825S",0.447,3.85325,-0.548495,2018-12-31 19:05:00
"438",-631,"RLA496825S",0.447,3.8610625,-0.514265,2018-12-31 19:05:00
"439",-609,"RLA496825S",0.447,3.868875,-0.496335,2018-12-31 19:05:00
"440",-714,"RLA496825S",0.447,3.8766875,-0.58191,2018-12-31 19:05:00
"441",-575,"RLA496825S",0.447,3.8845,-0.468625,2018-12-31 19:05:00
"442",-326,"RLA496825S",0.447,3.8923125,-0.26569,2018-12-31 19:05:00
"443",-707,"RLA496825S",0.447,3.900125,-0.576205,2018-12-31 19:05:00
"444",-1097,"RLA496825S",0.447,3.9079375,-0.894055,2018-12-31 19:05:00
"445",-621,"RLA496825S",0.447,3.91575,-0.506115,2018-12-31 19:05:00
"446",-340,"RLA496825S",0.447,3.9235625,-0.2771,2018-12-31 19:05:00
"447",-653,"RLA496825S",0.447,3.931375,-0.532195,2018-12-31 19:05:00
"448",-637,"RLA496825S",0.447,3.9391875,-0.519155,2018-12-31 19:05:00
"449",-586,"RLA496825S",0.447,3.947,-0.47759,2018-12-31 19:05:00
"450",-726,"RLA496825S",0.447,3.9548125,-0.59169,2018-12-31 19:05:00
"451",-719,"RLA496825S",0.447,3.962625,-0.585985,2018-12-31 19:05:00
"452",-592,"RLA496825S",0.447,3.9704375,-0.48248,2018-12-31 19:05:00
"453",-581,"RLA496825S",0.447,3.97825,-0.473515,2018-12-31 19:05:00
"454",-614,"RLA496825S",0.447,3.9860625,-0.50041,2018-12-31 19:05:00
"455",-698,"RLA496825S",0.447,3.993875,-0.56887,2018-12-31 19:05:00
"456",-689,"RLA496825S",0.447,4.0016875,-0.561535,2018-12-31 19:05:00
"457",-656,"RLA496825S",0.447,4.0095,-0.53464,2018-12-31 19:05:00
"458",-630,"RLA496825S",0.447,4.0173125,-0.51345,2018-12-31 19:05:00
"459",-584,"RLA496825S",0.447,4.025125,-0.47596,2018-12-31 19:05:00
"460",-610,"RLA496825S",0.447,4.0329375,-0.49715,2018-12-31 19:05:00
"461",-608,"RLA496825S",0.447,4.04075,-0.49552,2018-12-31 19:05:00
"462",-590,"RLA496825S",0.447,4.0485625,-0.48085,2018-12-31 19:05:00
"463",-555,"RLA496825S",0.447,4.056375,-0.452325,2018-12-31 19:05:00
"464",-511,"RLA496825S",0.447,4.0641875,-0.416465,2018-12-31 19:05:00
"465",-545,"RLA496825S",0.447,4.072,-0.444175,2018-12-31 19:05:00
"466",-515,"RLA496825S",0.447,4.0798125,-0.419725,2018-12-31 19:05:00
"467",-455,"RLA496825S",0.447,4.087625,-0.370825,2018-12-31 19:05:00
"468",-487,"RLA496825S",0.447,4.0954375,-0.396905,2018-12-31 19:05:00
"469",-522,"RLA496825S",0.447,4.10325,-0.42543,2018-12-31 19:05:00
"470",-504,"RLA496825S",0.447,4.1110625,-0.41076,2018-12-31 19:05:00
"471",-489,"RLA496825S",0.447,4.118875,-0.398535,2018-12-31 19:05:00
"472",-512,"RLA496825S",0.447,4.1266875,-0.41728,2018-12-31 19:05:00
"473",-462,"RLA496825S",0.447,4.1345,-0.37653,2018-12-31 19:05:00
"474",-436,"RLA496825S",0.447,4.1423125,-0.35534,2018-12-31 19:05:00
"475",-510,"RLA496825S",0.447,4.150125,-0.41565,2018-12-31 19:05:00
"476",-533,"RLA496825S",0.447,4.1579375,-0.434395,2018-12-31 19:05:00
"477",-494,"RLA496825S",0.447,4.16575,-0.40261,2018-12-31 19:05:00
"478",-495,"RLA496825S",0.447,4.1735625,-0.403425,2018-12-31 19:05:00
"479",-559,"RLA496825S",0.447,4.181375,-0.455585,2018-12-31 19:05:00
"480",-539,"RLA496825S",0.447,4.1891875,-0.439285,2018-12-31 19:05:00
"481",-487,"RLA496825S",0.447,4.197,-0.396905,2018-12-31 19:05:00
"482",-478,"RLA496825S",0.447,4.2048125,-0.38957,2018-12-31 19:05:00
"483",-489,"RLA496825S",0.447,4.212625,-0.398535,2018-12-31 19:05:00
"484",-494,"RLA496825S",0.447,4.2204375,-0.40261,2018-12-31 19:05:00
"485",-474,"RLA496825S",0.447,4.22825,-0.38631,2018-12-31 19:05:00
"486",-448,"RLA496825S",0.447,4.2360625,-0.36512,2018-12-31 19:05:00
"487",-440,"RLA496825S",0.447,4.243875,-0.3586,2018-12-31 19:05:00
"488",-455,"RLA496825S",0.447,4.2516875,-0.370825,2018-12-31 19:05:00
"489",-441,"RLA496825S",0.447,4.2595,-0.359415,2018-12-31 19:05:00
"490",-439,"RLA496825S",0.447,4.2673125,-0.357785,2018-12-31 19:05:00
"491",-461,"RLA496825S",0.447,4.275125,-0.375715,2018-12-31 19:05:00
"492",-440,"RLA496825S",0.447,4.2829375,-0.3586,2018-12-31 19:05:00
"493",-380,"RLA496825S",0.447,4.29075,-0.3097,2018-12-31 19:05:00
"494",-360,"RLA496825S",0.447,4.2985625,-0.2934,2018-12-31 19:05:00
"495",-375,"RLA496825S",0.447,4.306375,-0.305625,2018-12-31 19:05:00
"496",-379,"RLA496825S",0.447,4.3141875,-0.308885,2018-12-31 19:05:00
"497",-362,"RLA496825S",0.447,4.322,-0.29503,2018-12-31 19:05:00
"498",-377,"RLA496825S",0.447,4.3298125,-0.307255,2018-12-31 19:05:00
"499",-412,"RLA496825S",0.447,4.337625,-0.33578,2018-12-31 19:05:00
"500",-405,"RLA496825S",0.447,4.3454375,-0.330075,2018-12-31 19:05:00
"501",-390,"RLA496825S",0.447,4.35325,-0.31785,2018-12-31 19:05:00
"502",-378,"RLA496825S",0.447,4.3610625,-0.30807,2018-12-31 19:05:00
"503",-405,"RLA496825S",0.447,4.368875,-0.330075,2018-12-31 19:05:00
"504",-470,"RLA496825S",0.447,4.3766875,-0.38305,2018-12-31 19:05:00
"505",-441,"RLA496825S",0.447,4.3845,-0.359415,2018-12-31 19:05:00
"506",-432,"RLA496825S",0.447,4.3923125,-0.35208,2018-12-31 19:05:00
"507",-458,"RLA496825S",0.447,4.400125,-0.37327,2018-12-31 19:05:00
"508",-440,"RLA496825S",0.447,4.4079375,-0.3586,2018-12-31 19:05:00
"509",-468,"RLA496825S",0.447,4.41575,-0.38142,2018-12-31 19:05:00
"510",-511,"RLA496825S",0.447,4.4235625,-0.416465,2018-12-31 19:05:00
"511",-236,"RLA496825S",0.447,4.431375,-0.19234,2018-12-31 19:05:00
"512",136,"RLA496825S",0.447,4.4391875,0.11084,2018-12-31 19:05:00
"513",-156,"RLA496825S",0.447,4.447,-0.12714,2018-12-31 19:05:00
"514",-471,"RLA496825S",0.447,4.4548125,-0.383865,2018-12-31 19:05:00
"515",-454,"RLA496825S",0.447,4.462625,-0.37001,2018-12-31 19:05:00
"516",-419,"RLA496825S",0.447,4.4704375,-0.341485,2018-12-31 19:05:00
"517",-463,"RLA496825S",0.447,4.47825,-0.377345,2018-12-31 19:05:00
"518",-447,"RLA496825S",0.447,4.4860625,-0.364305,2018-12-31 19:05:00
"519",-412,"RLA496825S",0.447,4.493875,-0.33578,2018-12-31 19:05:00
"520",-453,"RLA496825S",0.447,4.5016875,-0.369195,2018-12-31 19:05:00
"521",-464,"RLA496825S",0.447,4.5095,-0.37816,2018-12-31 19:05:00
"522",-470,"RLA496825S",0.447,4.5173125,-0.38305,2018-12-31 19:05:00
"523",-451,"RLA496825S",0.447,4.525125,-0.367565,2018-12-31 19:05:00
"524",-462,"RLA496825S",0.447,4.5329375,-0.37653,2018-12-31 19:05:00
"525",-491,"RLA496825S",0.447,4.54075,-0.400165,2018-12-31 19:05:00
"526",-467,"RLA496825S",0.447,4.5485625,-0.380605,2018-12-31 19:05:00
"527",-476,"RLA496825S",0.447,4.556375,-0.38794,2018-12-31 19:05:00
"528",-495,"RLA496825S",0.447,4.5641875,-0.403425,2018-12-31 19:05:00
"529",-503,"RLA496825S",0.447,4.572,-0.409945,2018-12-31 19:05:00
"530",-466,"RLA496825S",0.447,4.5798125,-0.37979,2018-12-31 19:05:00
"531",-368,"RLA496825S",0.447,4.587625,-0.29992,2018-12-31 19:05:00
"532",-313,"RLA496825S",0.447,4.5954375,-0.255095,2018-12-31 19:05:00
"533",-335,"RLA496825S",0.447,4.60325,-0.273025,2018-12-31 19:05:00
"534",-396,"RLA496825S",0.447,4.6110625,-0.32274,2018-12-31 19:05:00
"535",-441,"RLA496825S",0.447,4.618875,-0.359415,2018-12-31 19:05:00
"536",-427,"RLA496825S",0.447,4.6266875,-0.348005,2018-12-31 19:05:00
"537",-421,"RLA496825S",0.447,4.6345,-0.343115,2018-12-31 19:05:00
"538",-420,"RLA496825S",0.447,4.6423125,-0.3423,2018-12-31 19:05:00
"539",-421,"RLA496825S",0.447,4.650125,-0.343115,2018-12-31 19:05:00
"540",-450,"RLA496825S",0.447,4.6579375,-0.36675,2018-12-31 19:05:00
"541",-475,"RLA496825S",0.447,4.66575,-0.387125,2018-12-31 19:05:00
"542",-482,"RLA496825S",0.447,4.6735625,-0.39283,2018-12-31 19:05:00
"543",-484,"RLA496825S",0.447,4.681375,-0.39446,2018-12-31 19:05:00
"544",-496,"RLA496825S",0.447,4.6891875,-0.40424,2018-12-31 19:05:00
"545",-512,"RLA496825S",0.447,4.697,-0.41728,2018-12-31 19:05:00
"546",-514,"RLA496825S",0.447,4.7048125,-0.41891,2018-12-31 19:05:00
"547",-515,"RLA496825S",0.447,4.712625,-0.419725,2018-12-31 19:05:00
"548",-532,"RLA496825S",0.447,4.7204375,-0.43358,2018-12-31 19:05:00
"549",-543,"RLA496825S",0.447,4.72825,-0.442545,2018-12-31 19:05:00
"550",-543,"RLA496825S",0.447,4.7360625,-0.442545,2018-12-31 19:05:00
"551",-540,"RLA496825S",0.447,4.743875,-0.4401,2018-12-31 19:05:00
"552",-541,"RLA496825S",0.447,4.7516875,-0.440915,2018-12-31 19:05:00
"553",-542,"RLA496825S",0.447,4.7595,-0.44173,2018-12-31 19:05:00
"554",-548,"RLA496825S",0.447,4.7673125,-0.44662,2018-12-31 19:05:00
"555",-557,"RLA496825S",0.447,4.775125,-0.453955,2018-12-31 19:05:00
"556",-557,"RLA496825S",0.447,4.7829375,-0.453955,2018-12-31 19:05:00
"557",-567,"RLA496825S",0.447,4.79075,-0.462105,2018-12-31 19:05:00
"558",-584,"RLA496825S",0.447,4.7985625,-0.47596,2018-12-31 19:05:00
"559",-583,"RLA496825S",0.447,4.806375,-0.475145,2018-12-31 19:05:00
"560",-593,"RLA496825S",0.447,4.8141875,-0.483295,2018-12-31 19:05:00
"561",-642,"RLA496825S",0.447,4.822,-0.52323,2018-12-31 19:05:00
"562",-686,"RLA496825S",0.447,4.8298125,-0.55909,2018-12-31 19:05:00
"563",-694,"RLA496825S",0.447,4.837625,-0.56561,2018-12-31 19:05:00
"564",-676,"RLA496825S",0.447,4.8454375,-0.55094,2018-12-31 19:05:00
"565",-666,"RLA496825S",0.447,4.85325,-0.54279,2018-12-31 19:05:00
"566",-683,"RLA496825S",0.447,4.8610625,-0.556645,2018-12-31 19:05:00
"567",-683,"RLA496825S",0.447,4.868875,-0.556645,2018-12-31 19:05:00
"568",-618,"RLA496825S",0.447,4.8766875,-0.50367,2018-12-31 19:05:00
"569",-639,"RLA496825S",0.447,4.8845,-0.520785,2018-12-31 19:05:00
"570",-674,"RLA496825S",0.447,4.8923125,-0.54931,2018-12-31 19:05:00
"571",-672,"RLA496825S",0.447,4.900125,-0.54768,2018-12-31 19:05:00
"572",-648,"RLA496825S",0.447,4.9079375,-0.52812,2018-12-31 19:05:00
"573",-623,"RLA496825S",0.447,4.91575,-0.507745,2018-12-31 19:05:00
"574",-635,"RLA496825S",0.447,4.9235625,-0.517525,2018-12-31 19:05:00
"575",-637,"RLA496825S",0.447,4.931375,-0.519155,2018-12-31 19:05:00
"576",-623,"RLA496825S",0.447,4.9391875,-0.507745,2018-12-31 19:05:00
"577",-640,"RLA496825S",0.447,4.947,-0.5216,2018-12-31 19:05:00
"578",-655,"RLA496825S",0.447,4.9548125,-0.533825,2018-12-31 19:05:00
"579",-629,"RLA496825S",0.447,4.962625,-0.512635,2018-12-31 19:05:00
"580",-582,"RLA496825S",0.447,4.9704375,-0.47433,2018-12-31 19:05:00
"581",-549,"RLA496825S",0.447,4.97825,-0.447435,2018-12-31 19:05:00
"582",-530,"RLA496825S",0.447,4.9860625,-0.43195,2018-12-31 19:05:00
"583",-578,"RLA496825S",0.447,4.993875,-0.47107,2018-12-31 19:05:00
"584",-636,"RLA496825S",0.447,5.0016875,-0.51834,2018-12-31 19:05:00
"585",-599,"RLA496825S",0.447,5.0095,-0.488185,2018-12-31 19:05:00
"586",-548,"RLA496825S",0.447,5.0173125,-0.44662,2018-12-31 19:05:00
"587",-527,"RLA496825S",0.447,5.025125,-0.429505,2018-12-31 19:05:00
"588",-523,"RLA496825S",0.447,5.0329375,-0.426245,2018-12-31 19:05:00
"589",-570,"RLA496825S",0.447,5.04075,-0.46455,2018-12-31 19:05:00
"590",-741,"RLA496825S",0.447,5.0485625,-0.603915,2018-12-31 19:05:00
"591",-589,"RLA496825S",0.447,5.056375,-0.480035,2018-12-31 19:05:00
"592",-146,"RLA496825S",0.447,5.0641875,-0.11899,2018-12-31 19:05:00
"593",-323,"RLA496825S",0.447,5.072,-0.263245,2018-12-31 19:05:00
"594",-584,"RLA496825S",0.447,5.0798125,-0.47596,2018-12-31 19:05:00
"595",-552,"RLA496825S",0.447,5.087625,-0.44988,2018-12-31 19:05:00
"596",-486,"RLA496825S",0.447,5.0954375,-0.39609,2018-12-31 19:05:00
"597",-536,"RLA496825S",0.447,5.10325,-0.43684,2018-12-31 19:05:00
"598",-509,"RLA496825S",0.447,5.1110625,-0.414835,2018-12-31 19:05:00
"599",-511,"RLA496825S",0.447,5.118875,-0.416465,2018-12-31 19:05:00
"600",-568,"RLA496825S",0.447,5.1266875,-0.46292,2018-12-31 19:05:00
"601",-522,"RLA496825S",0.447,5.1345,-0.42543,2018-12-31 19:05:00
"602",-553,"RLA496825S",0.447,5.1423125,-0.450695,2018-12-31 19:05:00
"603",-559,"RLA496825S",0.447,5.150125,-0.455585,2018-12-31 19:05:00
"604",-561,"RLA496825S",0.447,5.1579375,-0.457215,2018-12-31 19:05:00
"605",-573,"RLA496825S",0.447,5.16575,-0.466995,2018-12-31 19:05:00
"606",-559,"RLA496825S",0.447,5.1735625,-0.455585,2018-12-31 19:05:00
"607",-601,"RLA496825S",0.447,5.181375,-0.489815,2018-12-31 19:05:00
"608",-596,"RLA496825S",0.447,5.1891875,-0.48574,2018-12-31 19:05:00
"609",-567,"RLA496825S",0.447,5.197,-0.462105,2018-12-31 19:05:00
"610",-546,"RLA496825S",0.447,5.2048125,-0.44499,2018-12-31 19:05:00
"611",-468,"RLA496825S",0.447,5.212625,-0.38142,2018-12-31 19:05:00
"612",-403,"RLA496825S",0.447,5.2204375,-0.328445,2018-12-31 19:05:00
"613",-411,"RLA496825S",0.447,5.22825,-0.334965,2018-12-31 19:05:00
"614",-425,"RLA496825S",0.447,5.2360625,-0.346375,2018-12-31 19:05:00
"615",-424,"RLA496825S",0.447,5.243875,-0.34556,2018-12-31 19:05:00
"616",-373,"RLA496825S",0.447,5.2516875,-0.303995,2018-12-31 19:05:00
"617",-363,"RLA496825S",0.447,5.2595,-0.295845,2018-12-31 19:05:00
"618",-369,"RLA496825S",0.447,5.2673125,-0.300735,2018-12-31 19:05:00
"619",-341,"RLA496825S",0.447,5.275125,-0.277915,2018-12-31 19:05:00
"620",-300,"RLA496825S",0.447,5.2829375,-0.2445,2018-12-31 19:05:00
"621",-280,"RLA496825S",0.447,5.29075,-0.2282,2018-12-31 19:05:00
"622",-310,"RLA496825S",0.447,5.2985625,-0.25265,2018-12-31 19:05:00
"623",-308,"RLA496825S",0.447,5.306375,-0.25102,2018-12-31 19:05:00
"624",-281,"RLA496825S",0.447,5.3141875,-0.229015,2018-12-31 19:05:00
"625",-261,"RLA496825S",0.447,5.322,-0.212715,2018-12-31 19:05:00
"626",-251,"RLA496825S",0.447,5.3298125,-0.204565,2018-12-31 19:05:00
"627",-283,"RLA496825S",0.447,5.337625,-0.230645,2018-12-31 19:05:00
"628",-298,"RLA496825S",0.447,5.3454375,-0.24287,2018-12-31 19:05:00
"629",-270,"RLA496825S",0.447,5.35325,-0.22005,2018-12-31 19:05:00
"630",-262,"RLA496825S",0.447,5.3610625,-0.21353,2018-12-31 19:05:00
"631",-303,"RLA496825S",0.447,5.368875,-0.246945,2018-12-31 19:05:00
"632",-362,"RLA496825S",0.447,5.3766875,-0.29503,2018-12-31 19:05:00
"633",-375,"RLA496825S",0.447,5.3845,-0.305625,2018-12-31 19:05:00
"634",-342,"RLA496825S",0.447,5.3923125,-0.27873,2018-12-31 19:05:00
"635",-315,"RLA496825S",0.447,5.400125,-0.256725,2018-12-31 19:05:00
"636",-316,"RLA496825S",0.447,5.4079375,-0.25754,2018-12-31 19:05:00
"637",-315,"RLA496825S",0.447,5.41575,-0.256725,2018-12-31 19:05:00
"638",-315,"RLA496825S",0.447,5.4235625,-0.256725,2018-12-31 19:05:00
"639",-302,"RLA496825S",0.447,5.431375,-0.24613,2018-12-31 19:05:00
"640",-278,"RLA496825S",0.447,5.4391875,-0.22657,2018-12-31 19:05:00
"641",-283,"RLA496825S",0.447,5.447,-0.230645,2018-12-31 19:05:00
"642",-287,"RLA496825S",0.447,5.4548125,-0.233905,2018-12-31 19:05:00
"643",-311,"RLA496825S",0.447,5.462625,-0.253465,2018-12-31 19:05:00
"644",-307,"RLA496825S",0.447,5.4704375,-0.250205,2018-12-31 19:05:00
"645",-311,"RLA496825S",0.447,5.47825,-0.253465,2018-12-31 19:05:00
"646",-348,"RLA496825S",0.447,5.4860625,-0.28362,2018-12-31 19:05:00
"647",-351,"RLA496825S",0.447,5.493875,-0.286065,2018-12-31 19:05:00
"648",-335,"RLA496825S",0.447,5.5016875,-0.273025,2018-12-31 19:05:00
"649",-315,"RLA496825S",0.447,5.5095,-0.256725,2018-12-31 19:05:00
"650",-293,"RLA496825S",0.447,5.5173125,-0.238795,2018-12-31 19:05:00
"651",-320,"RLA496825S",0.447,5.525125,-0.2608,2018-12-31 19:05:00
"652",-453,"RLA496825S",0.447,5.5329375,-0.369195,2018-12-31 19:05:00
"653",-369,"RLA496825S",0.447,5.54075,-0.300735,2018-12-31 19:05:00
"654",74,"RLA496825S",0.447,5.5485625,0.06031,2018-12-31 19:05:00
"655",79,"RLA496825S",0.447,5.556375,0.064385,2018-12-31 19:05:00
"656",-417,"RLA496825S",0.447,5.5641875,-0.339855,2018-12-31 19:05:00
"657",-423,"RLA496825S",0.447,5.572,-0.344745,2018-12-31 19:05:00
"658",-419,"RLA496825S",0.447,5.5798125,-0.341485,2018-12-31 19:05:00
"659",-487,"RLA496825S",0.447,5.587625,-0.396905,2018-12-31 19:05:00
"660",-456,"RLA496825S",0.447,5.5954375,-0.37164,2018-12-31 19:05:00
"661",-466,"RLA496825S",0.447,5.60325,-0.37979,2018-12-31 19:05:00
"662",-533,"RLA496825S",0.447,5.6110625,-0.434395,2018-12-31 19:05:00
"663",-481,"RLA496825S",0.447,5.618875,-0.392015,2018-12-31 19:05:00
"664",-520,"RLA496825S",0.447,5.6266875,-0.4238,2018-12-31 19:05:00
"665",-579,"RLA496825S",0.447,5.6345,-0.471885,2018-12-31 19:05:00
"666",-524,"RLA496825S",0.447,5.6423125,-0.42706,2018-12-31 19:05:00
"667",-542,"RLA496825S",0.447,5.650125,-0.44173,2018-12-31 19:05:00
"668",-599,"RLA496825S",0.447,5.6579375,-0.488185,2018-12-31 19:05:00
"669",-637,"RLA496825S",0.447,5.66575,-0.519155,2018-12-31 19:05:00
"670",-641,"RLA496825S",0.447,5.6735625,-0.522415,2018-12-31 19:05:00
"671",-632,"RLA496825S",0.447,5.681375,-0.51508,2018-12-31 19:05:00
"672",-613,"RLA496825S",0.447,5.6891875,-0.499595,2018-12-31 19:05:00
"673",-552,"RLA496825S",0.447,5.697,-0.44988,2018-12-31 19:05:00
"674",-507,"RLA496825S",0.447,5.7048125,-0.413205,2018-12-31 19:05:00
"675",-490,"RLA496825S",0.447,5.712625,-0.39935,2018-12-31 19:05:00
"676",-458,"RLA496825S",0.447,5.7204375,-0.37327,2018-12-31 19:05:00
"677",-456,"RLA496825S",0.447,5.72825,-0.37164,2018-12-31 19:05:00
"678",-494,"RLA496825S",0.447,5.7360625,-0.40261,2018-12-31 19:05:00
"679",-500,"RLA496825S",0.447,5.743875,-0.4075,2018-12-31 19:05:00
"680",-516,"RLA496825S",0.447,5.7516875,-0.42054,2018-12-31 19:05:00
"681",-502,"RLA496825S",0.447,5.7595,-0.40913,2018-12-31 19:05:00
"682",-504,"RLA496825S",0.447,5.7673125,-0.41076,2018-12-31 19:05:00
"683",-534,"RLA496825S",0.447,5.775125,-0.43521,2018-12-31 19:05:00
"684",-541,"RLA496825S",0.447,5.7829375,-0.440915,2018-12-31 19:05:00
"685",-541,"RLA496825S",0.447,5.79075,-0.440915,2018-12-31 19:05:00
"686",-567,"RLA496825S",0.447,5.7985625,-0.462105,2018-12-31 19:05:00
"687",-571,"RLA496825S",0.447,5.806375,-0.465365,2018-12-31 19:05:00
"688",-518,"RLA496825S",0.447,5.8141875,-0.42217,2018-12-31 19:05:00
"689",-565,"RLA496825S",0.447,5.822,-0.460475,2018-12-31 19:05:00
"690",-611,"RLA496825S",0.447,5.8298125,-0.497965,2018-12-31 19:05:00
"691",-600,"RLA496825S",0.447,5.837625,-0.489,2018-12-31 19:05:00
"692",-611,"RLA496825S",0.447,5.8454375,-0.497965,2018-12-31 19:05:00
"693",-552,"RLA496825S",0.447,5.85325,-0.44988,2018-12-31 19:05:00
"694",-479,"RLA496825S",0.447,5.8610625,-0.390385,2018-12-31 19:05:00
"695",-581,"RLA496825S",0.447,5.868875,-0.473515,2018-12-31 19:05:00
"696",-708,"RLA496825S",0.447,5.8766875,-0.57702,2018-12-31 19:05:00
"697",-656,"RLA496825S",0.447,5.8845,-0.53464,2018-12-31 19:05:00
"698",-605,"RLA496825S",0.447,5.8923125,-0.493075,2018-12-31 19:05:00
"699",-586,"RLA496825S",0.447,5.900125,-0.47759,2018-12-31 19:05:00
"700",-608,"RLA496825S",0.447,5.9079375,-0.49552,2018-12-31 19:05:00
"701",-654,"RLA496825S",0.447,5.91575,-0.53301,2018-12-31 19:05:00
"702",-640,"RLA496825S",0.447,5.9235625,-0.5216,2018-12-31 19:05:00
"703",-591,"RLA496825S",0.447,5.931375,-0.481665,2018-12-31 19:05:00
"704",-614,"RLA496825S",0.447,5.9391875,-0.50041,2018-12-31 19:05:00
"705",-632,"RLA496825S",0.447,5.947,-0.51508,2018-12-31 19:05:00
"706",-634,"RLA496825S",0.447,5.9548125,-0.51671,2018-12-31 19:05:00
"707",-638,"RLA496825S",0.447,5.962625,-0.51997,2018-12-31 19:05:00
"708",-616,"RLA496825S",0.447,5.9704375,-0.50204,2018-12-31 19:05:00
"709",-594,"RLA496825S",0.447,5.97825,-0.48411,2018-12-31 19:05:00
"710",-589,"RLA496825S",0.447,5.9860625,-0.480035,2018-12-31 19:05:00
"711",-600,"RLA496825S",0.447,5.993875,-0.489,2018-12-31 19:05:00
"712",-578,"RLA496825S",0.447,6.0016875,-0.47107,2018-12-31 19:05:00
"713",-566,"RLA496825S",0.447,6.0095,-0.46129,2018-12-31 19:05:00
"714",-557,"RLA496825S",0.447,6.0173125,-0.453955,2018-12-31 19:05:00
"715",-539,"RLA496825S",0.447,6.025125,-0.439285,2018-12-31 19:05:00
"716",-529,"RLA496825S",0.447,6.0329375,-0.431135,2018-12-31 19:05:00
"717",-497,"RLA496825S",0.447,6.04075,-0.405055,2018-12-31 19:05:00
"718",-492,"RLA496825S",0.447,6.0485625,-0.40098,2018-12-31 19:05:00
"719",-525,"RLA496825S",0.447,6.056375,-0.427875,2018-12-31 19:05:00
"720",-517,"RLA496825S",0.447,6.0641875,-0.421355,2018-12-31 19:05:00
"721",-490,"RLA496825S",0.447,6.072,-0.39935,2018-12-31 19:05:00
"722",-483,"RLA496825S",0.447,6.0798125,-0.393645,2018-12-31 19:05:00
"723",-457,"RLA496825S",0.447,6.087625,-0.372455,2018-12-31 19:05:00
"724",-445,"RLA496825S",0.447,6.0954375,-0.362675,2018-12-31 19:05:00
"725",-460,"RLA496825S",0.447,6.10325,-0.3749,2018-12-31 19:05:00
"726",-482,"RLA496825S",0.447,6.1110625,-0.39283,2018-12-31 19:05:00
"727",-502,"RLA496825S",0.447,6.118875,-0.40913,2018-12-31 19:05:00
"728",-485,"RLA496825S",0.447,6.1266875,-0.395275,2018-12-31 19:05:00
"729",-484,"RLA496825S",0.447,6.1345,-0.39446,2018-12-31 19:05:00
"730",-496,"RLA496825S",0.447,6.1423125,-0.40424,2018-12-31 19:05:00
"731",-491,"RLA496825S",0.447,6.150125,-0.400165,2018-12-31 19:05:00
"732",-486,"RLA496825S",0.447,6.1579375,-0.39609,2018-12-31 19:05:00
"733",-501,"RLA496825S",0.447,6.16575,-0.408315,2018-12-31 19:05:00
"734",-506,"RLA496825S",0.447,6.1735625,-0.41239,2018-12-31 19:05:00
"735",-476,"RLA496825S",0.447,6.181375,-0.38794,2018-12-31 19:05:00
"736",-432,"RLA496825S",0.447,6.1891875,-0.35208,2018-12-31 19:05:00
"737",-428,"RLA496825S",0.447,6.197,-0.34882,2018-12-31 19:05:00
"738",-439,"RLA496825S",0.447,6.2048125,-0.357785,2018-12-31 19:05:00
"739",-423,"RLA496825S",0.447,6.212625,-0.344745,2018-12-31 19:05:00
"740",-390,"RLA496825S",0.447,6.2204375,-0.31785,2018-12-31 19:05:00
"741",-392,"RLA496825S",0.447,6.22825,-0.31948,2018-12-31 19:05:00
"742",-401,"RLA496825S",0.447,6.2360625,-0.326815,2018-12-31 19:05:00
"743",-369,"RLA496825S",0.447,6.243875,-0.300735,2018-12-31 19:05:00
"744",-322,"RLA496825S",0.447,6.2516875,-0.26243,2018-12-31 19:05:00
"745",-276,"RLA496825S",0.447,6.2595,-0.22494,2018-12-31 19:05:00
"746",-244,"RLA496825S",0.447,6.2673125,-0.19886,2018-12-31 19:05:00
"747",-263,"RLA496825S",0.447,6.275125,-0.214345,2018-12-31 19:05:00
"748",-272,"RLA496825S",0.447,6.2829375,-0.22168,2018-12-31 19:05:00
"749",-259,"RLA496825S",0.447,6.29075,-0.211085,2018-12-31 19:05:00
"750",-227,"RLA496825S",0.447,6.2985625,-0.185005,2018-12-31 19:05:00
"751",-236,"RLA496825S",0.447,6.306375,-0.19234,2018-12-31 19:05:00
"752",-249,"RLA496825S",0.447,6.3141875,-0.202935,2018-12-31 19:05:00
"753",-269,"RLA496825S",0.447,6.322,-0.219235,2018-12-31 19:05:00
"754",-490,"RLA496825S",0.447,6.3298125,-0.39935,2018-12-31 19:05:00
"755",-668,"RLA496825S",0.447,6.337625,-0.54442,2018-12-31 19:05:00
"756",-395,"RLA496825S",0.447,6.3454375,-0.321925,2018-12-31 19:05:00
"757",-106,"RLA496825S",0.447,6.35325,-0.08639,2018-12-31 19:05:00
"758",-201,"RLA496825S",0.447,6.3610625,-0.163815,2018-12-31 19:05:00
"759",-340,"RLA496825S",0.447,6.368875,-0.2771,2018-12-31 19:05:00
"760",-284,"RLA496825S",0.447,6.3766875,-0.23146,2018-12-31 19:05:00
"761",-296,"RLA496825S",0.447,6.3845,-0.24124,2018-12-31 19:05:00
"762",-339,"RLA496825S",0.447,6.3923125,-0.276285,2018-12-31 19:05:00
"763",-307,"RLA496825S",0.447,6.400125,-0.250205,2018-12-31 19:05:00
"764",-309,"RLA496825S",0.447,6.4079375,-0.251835,2018-12-31 19:05:00
"765",-320,"RLA496825S",0.447,6.41575,-0.2608,2018-12-31 19:05:00
"766",-328,"RLA496825S",0.447,6.4235625,-0.26732,2018-12-31 19:05:00
"767",-351,"RLA496825S",0.447,6.431375,-0.286065,2018-12-31 19:05:00
"768",-350,"RLA496825S",0.447,6.4391875,-0.28525,2018-12-31 19:05:00
"769",-377,"RLA496825S",0.447,6.447,-0.307255,2018-12-31 19:05:00
"770",-409,"RLA496825S",0.447,6.4548125,-0.333335,2018-12-31 19:05:00
"771",-439,"RLA496825S",0.447,6.462625,-0.357785,2018-12-31 19:05:00
"772",-444,"RLA496825S",0.447,6.4704375,-0.36186,2018-12-31 19:05:00
"773",-424,"RLA496825S",0.447,6.47825,-0.34556,2018-12-31 19:05:00
"774",-416,"RLA496825S",0.447,6.4860625,-0.33904,2018-12-31 19:05:00
"775",-397,"RLA496825S",0.447,6.493875,-0.323555,2018-12-31 19:05:00
"776",-352,"RLA496825S",0.447,6.5016875,-0.28688,2018-12-31 19:05:00
"777",-345,"RLA496825S",0.447,6.5095,-0.281175,2018-12-31 19:05:00
"778",-336,"RLA496825S",0.447,6.5173125,-0.27384,2018-12-31 19:05:00
"779",-309,"RLA496825S",0.447,6.525125,-0.251835,2018-12-31 19:05:00
"780",-313,"RLA496825S",0.447,6.5329375,-0.255095,2018-12-31 19:05:00
"781",-307,"RLA496825S",0.447,6.54075,-0.250205,2018-12-31 19:05:00
"782",-294,"RLA496825S",0.447,6.5485625,-0.23961,2018-12-31 19:05:00
"783",-335,"RLA496825S",0.447,6.556375,-0.273025,2018-12-31 19:05:00
"784",-332,"RLA496825S",0.447,6.5641875,-0.27058,2018-12-31 19:05:00
"785",-329,"RLA496825S",0.447,6.572,-0.268135,2018-12-31 19:05:00
"786",-380,"RLA496825S",0.447,6.5798125,-0.3097,2018-12-31 19:05:00
"787",-401,"RLA496825S",0.447,6.587625,-0.326815,2018-12-31 19:05:00
"788",-409,"RLA496825S",0.447,6.5954375,-0.333335,2018-12-31 19:05:00
"789",-444,"RLA496825S",0.447,6.60325,-0.36186,2018-12-31 19:05:00
"790",-452,"RLA496825S",0.447,6.6110625,-0.36838,2018-12-31 19:05:00
"791",-419,"RLA496825S",0.447,6.618875,-0.341485,2018-12-31 19:05:00
"792",-434,"RLA496825S",0.447,6.6266875,-0.35371,2018-12-31 19:05:00
"793",-463,"RLA496825S",0.447,6.6345,-0.377345,2018-12-31 19:05:00
"794",-475,"RLA496825S",0.447,6.6423125,-0.387125,2018-12-31 19:05:00
"795",-483,"RLA496825S",0.447,6.650125,-0.393645,2018-12-31 19:05:00
"796",-506,"RLA496825S",0.447,6.6579375,-0.41239,2018-12-31 19:05:00
"797",-536,"RLA496825S",0.447,6.66575,-0.43684,2018-12-31 19:05:00
"798",-551,"RLA496825S",0.447,6.6735625,-0.449065,2018-12-31 19:05:00
"799",-568,"RLA496825S",0.447,6.681375,-0.46292,2018-12-31 19:05:00
"800",-588,"RLA496825S",0.447,6.6891875,-0.47922,2018-12-31 19:05:00
"801",-585,"RLA496825S",0.447,6.697,-0.476775,2018-12-31 19:05:00
"802",-590,"RLA496825S",0.447,6.7048125,-0.48085,2018-12-31 19:05:00
"803",-593,"RLA496825S",0.447,6.712625,-0.483295,2018-12-31 19:05:00
"804",-583,"RLA496825S",0.447,6.7204375,-0.475145,2018-12-31 19:05:00
"805",-595,"RLA496825S",0.447,6.72825,-0.484925,2018-12-31 19:05:00
"806",-610,"RLA496825S",0.447,6.7360625,-0.49715,2018-12-31 19:05:00
"807",-616,"RLA496825S",0.447,6.743875,-0.50204,2018-12-31 19:05:00
"808",-656,"RLA496825S",0.447,6.7516875,-0.53464,2018-12-31 19:05:00
"809",-664,"RLA496825S",0.447,6.7595,-0.54116,2018-12-31 19:05:00
"810",-633,"RLA496825S",0.447,6.7673125,-0.515895,2018-12-31 19:05:00
"811",-618,"RLA496825S",0.447,6.775125,-0.50367,2018-12-31 19:05:00
"812",-658,"RLA496825S",0.447,6.7829375,-0.53627,2018-12-31 19:05:00
"813",-725,"RLA496825S",0.447,6.79075,-0.590875,2018-12-31 19:05:00
"814",-743,"RLA496825S",0.447,6.7985625,-0.605545,2018-12-31 19:05:00
"815",-729,"RLA496825S",0.447,6.806375,-0.594135,2018-12-31 19:05:00
"816",-668,"RLA496825S",0.447,6.8141875,-0.54442,2018-12-31 19:05:00
"817",-674,"RLA496825S",0.447,6.822,-0.54931,2018-12-31 19:05:00
"818",-708,"RLA496825S",0.447,6.8298125,-0.57702,2018-12-31 19:05:00
"819",-704,"RLA496825S",0.447,6.837625,-0.57376,2018-12-31 19:05:00
"820",-710,"RLA496825S",0.447,6.8454375,-0.57865,2018-12-31 19:05:00
"821",-716,"RLA496825S",0.447,6.85325,-0.58354,2018-12-31 19:05:00
"822",-692,"RLA496825S",0.447,6.8610625,-0.56398,2018-12-31 19:05:00
"823",-703,"RLA496825S",0.447,6.868875,-0.572945,2018-12-31 19:05:00
"824",-706,"RLA496825S",0.447,6.8766875,-0.57539,2018-12-31 19:05:00
"825",-673,"RLA496825S",0.447,6.8845,-0.548495,2018-12-31 19:05:00
"826",-648,"RLA496825S",0.447,6.8923125,-0.52812,2018-12-31 19:05:00
"827",-642,"RLA496825S",0.447,6.900125,-0.52323,2018-12-31 19:05:00
"828",-636,"RLA496825S",0.447,6.9079375,-0.51834,2018-12-31 19:05:00
"829",-581,"RLA496825S",0.447,6.91575,-0.473515,2018-12-31 19:05:00
"830",-578,"RLA496825S",0.447,6.9235625,-0.47107,2018-12-31 19:05:00
"831",-646,"RLA496825S",0.447,6.931375,-0.52649,2018-12-31 19:05:00
"832",-679,"RLA496825S",0.447,6.9391875,-0.553385,2018-12-31 19:05:00
"833",-652,"RLA496825S",0.447,6.947,-0.53138,2018-12-31 19:05:00
"834",-640,"RLA496825S",0.447,6.9548125,-0.5216,2018-12-31 19:05:00
"835",-649,"RLA496825S",0.447,6.962625,-0.528935,2018-12-31 19:05:00
"836",-557,"RLA496825S",0.447,6.9704375,-0.453955,2018-12-31 19:05:00
"837",-521,"RLA496825S",0.447,6.97825,-0.424615,2018-12-31 19:05:00
"838",-613,"RLA496825S",0.447,6.9860625,-0.499595,2018-12-31 19:05:00
"839",-387,"RLA496825S",0.447,6.993875,-0.315405,2018-12-31 19:05:00
"840",-218,"RLA496825S",0.447,7.0016875,-0.17767,2018-12-31 19:05:00
"841",-411,"RLA496825S",0.447,7.0095,-0.334965,2018-12-31 19:05:00
"842",-576,"RLA496825S",0.447,7.0173125,-0.46944,2018-12-31 19:05:00
"843",-581,"RLA496825S",0.447,7.025125,-0.473515,2018-12-31 19:05:00
"844",-572,"RLA496825S",0.447,7.0329375,-0.46618,2018-12-31 19:05:00
"845",-649,"RLA496825S",0.447,7.04075,-0.528935,2018-12-31 19:05:00
"846",-620,"RLA496825S",0.447,7.0485625,-0.5053,2018-12-31 19:05:00
"847",-653,"RLA496825S",0.447,7.056375,-0.532195,2018-12-31 19:05:00
"848",-684,"RLA496825S",0.447,7.0641875,-0.55746,2018-12-31 19:05:00
"849",-604,"RLA496825S",0.447,7.072,-0.49226,2018-12-31 19:05:00
"850",-613,"RLA496825S",0.447,7.0798125,-0.499595,2018-12-31 19:05:00
"851",-606,"RLA496825S",0.447,7.087625,-0.49389,2018-12-31 19:05:00
"852",-631,"RLA496825S",0.447,7.0954375,-0.514265,2018-12-31 19:05:00
"853",-636,"RLA496825S",0.447,7.10325,-0.51834,2018-12-31 19:05:00
"854",-591,"RLA496825S",0.447,7.1110625,-0.481665,2018-12-31 19:05:00
"855",-646,"RLA496825S",0.447,7.118875,-0.52649,2018-12-31 19:05:00
"856",-678,"RLA496825S",0.447,7.1266875,-0.55257,2018-12-31 19:05:00
"857",-654,"RLA496825S",0.447,7.1345,-0.53301,2018-12-31 19:05:00
"858",-617,"RLA496825S",0.447,7.1423125,-0.502855,2018-12-31 19:05:00
"859",-564,"RLA496825S",0.447,7.150125,-0.45966,2018-12-31 19:05:00
"860",-508,"RLA496825S",0.447,7.1579375,-0.41402,2018-12-31 19:05:00
"861",-436,"RLA496825S",0.447,7.16575,-0.35534,2018-12-31 19:05:00
"862",-414,"RLA496825S",0.447,7.1735625,-0.33741,2018-12-31 19:05:00
"863",-429,"RLA496825S",0.447,7.181375,-0.349635,2018-12-31 19:05:00
"864",-410,"RLA496825S",0.447,7.1891875,-0.33415,2018-12-31 19:05:00
"865",-396,"RLA496825S",0.447,7.197,-0.32274,2018-12-31 19:05:00
"866",-355,"RLA496825S",0.447,7.2048125,-0.289325,2018-12-31 19:05:00
"867",-310,"RLA496825S",0.447,7.212625,-0.25265,2018-12-31 19:05:00
"868",-307,"RLA496825S",0.447,7.2204375,-0.250205,2018-12-31 19:05:00
"869",-314,"RLA496825S",0.447,7.22825,-0.25591,2018-12-31 19:05:00
"870",-279,"RLA496825S",0.447,7.2360625,-0.227385,2018-12-31 19:05:00
"871",-302,"RLA496825S",0.447,7.243875,-0.24613,2018-12-31 19:05:00
"872",-342,"RLA496825S",0.447,7.2516875,-0.27873,2018-12-31 19:05:00
"873",-258,"RLA496825S",0.447,7.2595,-0.21027,2018-12-31 19:05:00
"874",-213,"RLA496825S",0.447,7.2673125,-0.173595,2018-12-31 19:05:00
"875",-189,"RLA496825S",0.447,7.275125,-0.154035,2018-12-31 19:05:00
"876",-165,"RLA496825S",0.447,7.2829375,-0.134475,2018-12-31 19:05:00
"877",-188,"RLA496825S",0.447,7.29075,-0.15322,2018-12-31 19:05:00
"878",-228,"RLA496825S",0.447,7.2985625,-0.18582,2018-12-31 19:05:00
"879",-228,"RLA496825S",0.447,7.306375,-0.18582,2018-12-31 19:05:00
"880",-252,"RLA496825S",0.447,7.3141875,-0.20538,2018-12-31 19:05:00
"881",-280,"RLA496825S",0.447,7.322,-0.2282,2018-12-31 19:05:00
"882",-265,"RLA496825S",0.447,7.3298125,-0.215975,2018-12-31 19:05:00
"883",-265,"RLA496825S",0.447,7.337625,-0.215975,2018-12-31 19:05:00
"884",-260,"RLA496825S",0.447,7.3454375,-0.2119,2018-12-31 19:05:00
"885",-250,"RLA496825S",0.447,7.35325,-0.20375,2018-12-31 19:05:00
"886",-272,"RLA496825S",0.447,7.3610625,-0.22168,2018-12-31 19:05:00
"887",-299,"RLA496825S",0.447,7.368875,-0.243685,2018-12-31 19:05:00
"888",-311,"RLA496825S",0.447,7.3766875,-0.253465,2018-12-31 19:05:00
"889",-283,"RLA496825S",0.447,7.3845,-0.230645,2018-12-31 19:05:00
"890",-268,"RLA496825S",0.447,7.3923125,-0.21842,2018-12-31 19:05:00
"891",-298,"RLA496825S",0.447,7.400125,-0.24287,2018-12-31 19:05:00
"892",-320,"RLA496825S",0.447,7.4079375,-0.2608,2018-12-31 19:05:00
"893",-306,"RLA496825S",0.447,7.41575,-0.24939,2018-12-31 19:05:00
"894",-296,"RLA496825S",0.447,7.4235625,-0.24124,2018-12-31 19:05:00
"895",-326,"RLA496825S",0.447,7.431375,-0.26569,2018-12-31 19:05:00
"896",-374,"RLA496825S",0.447,7.4391875,-0.30481,2018-12-31 19:05:00
"897",-373,"RLA496825S",0.447,7.447,-0.303995,2018-12-31 19:05:00
"898",-344,"RLA496825S",0.447,7.4548125,-0.28036,2018-12-31 19:05:00
"899",-427,"RLA496825S",0.447,7.462625,-0.348005,2018-12-31 19:05:00
"900",-743,"RLA496825S",0.447,7.4704375,-0.605545,2018-12-31 19:05:00
"901",-912,"RLA496825S",0.447,7.47825,-0.74328,2018-12-31 19:05:00
"902",-543,"RLA496825S",0.447,7.4860625,-0.442545,2018-12-31 19:05:00
"903",-179,"RLA496825S",0.447,7.493875,-0.145885,2018-12-31 19:05:00
"904",-334,"RLA496825S",0.447,7.5016875,-0.27221,2018-12-31 19:05:00
"905",-443,"RLA496825S",0.447,7.5095,-0.361045,2018-12-31 19:05:00
"906",-421,"RLA496825S",0.447,7.5173125,-0.343115,2018-12-31 19:05:00
"907",-434,"RLA496825S",0.447,7.525125,-0.35371,2018-12-31 19:05:00
"908",-463,"RLA496825S",0.447,7.5329375,-0.377345,2018-12-31 19:05:00
"909",-473,"RLA496825S",0.447,7.54075,-0.385495,2018-12-31 19:05:00
"910",-503,"RLA496825S",0.447,7.5485625,-0.409945,2018-12-31 19:05:00
"911",-509,"RLA496825S",0.447,7.556375,-0.414835,2018-12-31 19:05:00
"912",-531,"RLA496825S",0.447,7.5641875,-0.432765,2018-12-31 19:05:00
"913",-569,"RLA496825S",0.447,7.572,-0.463735,2018-12-31 19:05:00
"914",-596,"RLA496825S",0.447,7.5798125,-0.48574,2018-12-31 19:05:00
"915",-635,"RLA496825S",0.447,7.587625,-0.517525,2018-12-31 19:05:00
"916",-674,"RLA496825S",0.447,7.5954375,-0.54931,2018-12-31 19:05:00
"917",-719,"RLA496825S",0.447,7.60325,-0.585985,2018-12-31 19:05:00
"918",-755,"RLA496825S",0.447,7.6110625,-0.615325,2018-12-31 19:05:00
"919",-763,"RLA496825S",0.447,7.618875,-0.621845,2018-12-31 19:05:00
"920",-761,"RLA496825S",0.447,7.6266875,-0.620215,2018-12-31 19:05:00
"921",-705,"RLA496825S",0.447,7.6345,-0.574575,2018-12-31 19:05:00
"922",-620,"RLA496825S",0.447,7.6423125,-0.5053,2018-12-31 19:05:00
"923",-574,"RLA496825S",0.447,7.650125,-0.46781,2018-12-31 19:05:00
"924",-564,"RLA496825S",0.447,7.6579375,-0.45966,2018-12-31 19:05:00
"925",-579,"RLA496825S",0.447,7.66575,-0.471885,2018-12-31 19:05:00
"926",-591,"RLA496825S",0.447,7.6735625,-0.481665,2018-12-31 19:05:00
"927",-582,"RLA496825S",0.447,7.681375,-0.47433,2018-12-31 19:05:00
"928",-579,"RLA496825S",0.447,7.6891875,-0.471885,2018-12-31 19:05:00
"929",-564,"RLA496825S",0.447,7.697,-0.45966,2018-12-31 19:05:00
"930",-583,"RLA496825S",0.447,7.7048125,-0.475145,2018-12-31 19:05:00
"931",-626,"RLA496825S",0.447,7.712625,-0.51019,2018-12-31 19:05:00
"932",-620,"RLA496825S",0.447,7.7204375,-0.5053,2018-12-31 19:05:00
"933",-602,"RLA496825S",0.447,7.72825,-0.49063,2018-12-31 19:05:00
"934",-615,"RLA496825S",0.447,7.7360625,-0.501225,2018-12-31 19:05:00
"935",-626,"RLA496825S",0.447,7.743875,-0.51019,2018-12-31 19:05:00
"936",-619,"RLA496825S",0.447,7.7516875,-0.504485,2018-12-31 19:05:00
"937",-634,"RLA496825S",0.447,7.7595,-0.51671,2018-12-31 19:05:00
"938",-665,"RLA496825S",0.447,7.7673125,-0.541975,2018-12-31 19:05:00
"939",-669,"RLA496825S",0.447,7.775125,-0.545235,2018-12-31 19:05:00
"940",-639,"RLA496825S",0.447,7.7829375,-0.520785,2018-12-31 19:05:00
"941",-646,"RLA496825S",0.447,7.79075,-0.52649,2018-12-31 19:05:00
"942",-658,"RLA496825S",0.447,7.7985625,-0.53627,2018-12-31 19:05:00
"943",-626,"RLA496825S",0.447,7.806375,-0.51019,2018-12-31 19:05:00
"944",-629,"RLA496825S",0.447,7.8141875,-0.512635,2018-12-31 19:05:00
"945",-623,"RLA496825S",0.447,7.822,-0.507745,2018-12-31 19:05:00
"946",-617,"RLA496825S",0.447,7.8298125,-0.502855,2018-12-31 19:05:00
"947",-627,"RLA496825S",0.447,7.837625,-0.511005,2018-12-31 19:05:00
"948",-634,"RLA496825S",0.447,7.8454375,-0.51671,2018-12-31 19:05:00
"949",-617,"RLA496825S",0.447,7.85325,-0.502855,2018-12-31 19:05:00
"950",-582,"RLA496825S",0.447,7.8610625,-0.47433,2018-12-31 19:05:00
"951",-551,"RLA496825S",0.447,7.868875,-0.449065,2018-12-31 19:05:00
"952",-571,"RLA496825S",0.447,7.8766875,-0.465365,2018-12-31 19:05:00
"953",-621,"RLA496825S",0.447,7.8845,-0.506115,2018-12-31 19:05:00
"954",-639,"RLA496825S",0.447,7.8923125,-0.520785,2018-12-31 19:05:00
"955",-635,"RLA496825S",0.447,7.900125,-0.517525,2018-12-31 19:05:00
"956",-628,"RLA496825S",0.447,7.9079375,-0.51182,2018-12-31 19:05:00
"957",-587,"RLA496825S",0.447,7.91575,-0.478405,2018-12-31 19:05:00
"958",-617,"RLA496825S",0.447,7.9235625,-0.502855,2018-12-31 19:05:00
"959",-953,"RLA496825S",0.447,7.931375,-0.776695,2018-12-31 19:05:00
"960",-1176,"RLA496825S",0.447,7.9391875,-0.95844,2018-12-31 19:05:00
"961",-706,"RLA496825S",0.447,7.947,-0.57539,2018-12-31 19:05:00
"962",-364,"RLA496825S",0.447,7.9548125,-0.29666,2018-12-31 19:05:00
"963",-502,"RLA496825S",0.447,7.962625,-0.40913,2018-12-31 19:05:00
"964",-612,"RLA496825S",0.447,7.9704375,-0.49878,2018-12-31 19:05:00
"965",-557,"RLA496825S",0.447,7.97825,-0.453955,2018-12-31 19:05:00
"966",-574,"RLA496825S",0.447,7.9860625,-0.46781,2018-12-31 19:05:00
"967",-596,"RLA496825S",0.447,7.993875,-0.48574,2018-12-31 19:05:00
"968",-552,"RLA496825S",0.447,8.0016875,-0.44988,2018-12-31 19:05:00
"969",-590,"RLA496825S",0.447,8.0095,-0.48085,2018-12-31 19:05:00
"970",-624,"RLA496825S",0.447,8.0173125,-0.50856,2018-12-31 19:05:00
"971",-611,"RLA496825S",0.447,8.025125,-0.497965,2018-12-31 19:05:00
"972",-593,"RLA496825S",0.447,8.0329375,-0.483295,2018-12-31 19:05:00
"973",-634,"RLA496825S",0.447,8.04075,-0.51671,2018-12-31 19:05:00
"974",-679,"RLA496825S",0.447,8.0485625,-0.553385,2018-12-31 19:05:00
"975",-670,"RLA496825S",0.447,8.056375,-0.54605,2018-12-31 19:05:00
"976",-700,"RLA496825S",0.447,8.0641875,-0.5705,2018-12-31 19:05:00
"977",-689,"RLA496825S",0.447,8.072,-0.561535,2018-12-31 19:05:00
"978",-648,"RLA496825S",0.447,8.0798125,-0.52812,2018-12-31 19:05:00
"979",-633,"RLA496825S",0.447,8.087625,-0.515895,2018-12-31 19:05:00
"980",-575,"RLA496825S",0.447,8.0954375,-0.468625,2018-12-31 19:05:00
"981",-508,"RLA496825S",0.447,8.10325,-0.41402,2018-12-31 19:05:00
"982",-473,"RLA496825S",0.447,8.1110625,-0.385495,2018-12-31 19:05:00
"983",-437,"RLA496825S",0.447,8.118875,-0.356155,2018-12-31 19:05:00
"984",-448,"RLA496825S",0.447,8.1266875,-0.36512,2018-12-31 19:05:00
"985",-434,"RLA496825S",0.447,8.1345,-0.35371,2018-12-31 19:05:00
"986",-413,"RLA496825S",0.447,8.1423125,-0.336595,2018-12-31 19:05:00
"987",-414,"RLA496825S",0.447,8.150125,-0.33741,2018-12-31 19:05:00
"988",-395,"RLA496825S",0.447,8.1579375,-0.321925,2018-12-31 19:05:00
"989",-375,"RLA496825S",0.447,8.16575,-0.305625,2018-12-31 19:05:00
"990",-374,"RLA496825S",0.447,8.1735625,-0.30481,2018-12-31 19:05:00
"991",-371,"RLA496825S",0.447,8.181375,-0.302365,2018-12-31 19:05:00
"992",-333,"RLA496825S",0.447,8.1891875,-0.271395,2018-12-31 19:05:00
"993",-338,"RLA496825S",0.447,8.197,-0.27547,2018-12-31 19:05:00
"994",-354,"RLA496825S",0.447,8.2048125,-0.28851,2018-12-31 19:05:00
"995",-331,"RLA496825S",0.447,8.212625,-0.269765,2018-12-31 19:05:00
"996",-343,"RLA496825S",0.447,8.2204375,-0.279545,2018-12-31 19:05:00
"997",-338,"RLA496825S",0.447,8.22825,-0.27547,2018-12-31 19:05:00
"998",-273,"RLA496825S",0.447,8.2360625,-0.222495,2018-12-31 19:05:00
"999",-248,"RLA496825S",0.447,8.243875,-0.20212,2018-12-31 19:05:00
"1000",-235,"RLA496825S",0.447,8.2516875,-0.191525,2018-12-31 19:05:00
"1001",-252,"RLA496825S",0.447,8.2595,-0.20538,2018-12-31 19:05:00
"1002",-297,"RLA496825S",0.447,8.2673125,-0.242055,2018-12-31 19:05:00
"1003",-269,"RLA496825S",0.447,8.275125,-0.219235,2018-12-31 19:05:00
"1004",-229,"RLA496825S",0.447,8.2829375,-0.186635,2018-12-31 19:05:00
"1005",-261,"RLA496825S",0.447,8.29075,-0.212715,2018-12-31 19:05:00
"1006",-288,"RLA496825S",0.447,8.2985625,-0.23472,2018-12-31 19:05:00
"1007",-271,"RLA496825S",0.447,8.306375,-0.220865,2018-12-31 19:05:00
"1008",-282,"RLA496825S",0.447,8.3141875,-0.22983,2018-12-31 19:05:00
"1009",-277,"RLA496825S",0.447,8.322,-0.225755,2018-12-31 19:05:00
"1010",-279,"RLA496825S",0.447,8.3298125,-0.227385,2018-12-31 19:05:00
"1011",-307,"RLA496825S",0.447,8.337625,-0.250205,2018-12-31 19:05:00
"1012",-306,"RLA496825S",0.447,8.3454375,-0.24939,2018-12-31 19:05:00
"1013",-308,"RLA496825S",0.447,8.35325,-0.25102,2018-12-31 19:05:00
"1014",-535,"RLA496825S",0.447,8.3610625,-0.436025,2018-12-31 19:05:00
"1015",-1042,"RLA496825S",0.447,8.368875,-0.84923,2018-12-31 19:05:00
"1016",-1190,"RLA496825S",0.447,8.3766875,-0.96985,2018-12-31 19:05:00
"1017",-522,"RLA496825S",0.447,8.3845,-0.42543,2018-12-31 19:05:00
"1018",-95,"RLA496825S",0.447,8.3923125,-0.077425,2018-12-31 19:05:00
"1019",-282,"RLA496825S",0.447,8.400125,-0.22983,2018-12-31 19:05:00
"1020",-435,"RLA496825S",0.447,8.4079375,-0.354525,2018-12-31 19:05:00
"1021",-378,"RLA496825S",0.447,8.41575,-0.30807,2018-12-31 19:05:00
"1022",-376,"RLA496825S",0.447,8.4235625,-0.30644,2018-12-31 19:05:00
"1023",-412,"RLA496825S",0.447,8.431375,-0.33578,2018-12-31 19:05:00
"1024",-408,"RLA496825S",0.447,8.4391875,-0.33252,2018-12-31 19:05:00
"1025",-436,"RLA496825S",0.447,8.447,-0.35534,2018-12-31 19:05:00
"1026",-447,"RLA496825S",0.447,8.4548125,-0.364305,2018-12-31 19:05:00
"1027",-460,"RLA496825S",0.447,8.462625,-0.3749,2018-12-31 19:05:00
"1028",-492,"RLA496825S",0.447,8.4704375,-0.40098,2018-12-31 19:05:00
"1029",-535,"RLA496825S",0.447,8.47825,-0.436025,2018-12-31 19:05:00
"1030",-557,"RLA496825S",0.447,8.4860625,-0.453955,2018-12-31 19:05:00
"1031",-559,"RLA496825S",0.447,8.493875,-0.455585,2018-12-31 19:05:00
"1032",-609,"RLA496825S",0.447,8.5016875,-0.496335,2018-12-31 19:05:00
"1033",-645,"RLA496825S",0.447,8.5095,-0.525675,2018-12-31 19:05:00
"1034",-648,"RLA496825S",0.447,8.5173125,-0.52812,2018-12-31 19:05:00
"1035",-600,"RLA496825S",0.447,8.525125,-0.489,2018-12-31 19:05:00
"1036",-502,"RLA496825S",0.447,8.5329375,-0.40913,2018-12-31 19:05:00
"1037",-422,"RLA496825S",0.447,8.54075,-0.34393,2018-12-31 19:05:00
"1038",-408,"RLA496825S",0.447,8.5485625,-0.33252,2018-12-31 19:05:00
"1039",-415,"RLA496825S",0.447,8.556375,-0.338225,2018-12-31 19:05:00
"1040",-402,"RLA496825S",0.447,8.5641875,-0.32763,2018-12-31 19:05:00
"1041",-440,"RLA496825S",0.447,8.572,-0.3586,2018-12-31 19:05:00
"1042",-498,"RLA496825S",0.447,8.5798125,-0.40587,2018-12-31 19:05:00
"1043",-480,"RLA496825S",0.447,8.587625,-0.3912,2018-12-31 19:05:00
"1044",-451,"RLA496825S",0.447,8.5954375,-0.367565,2018-12-31 19:05:00
"1045",-485,"RLA496825S",0.447,8.60325,-0.395275,2018-12-31 19:05:00
"1046",-511,"RLA496825S",0.447,8.6110625,-0.416465,2018-12-31 19:05:00
"1047",-516,"RLA496825S",0.447,8.618875,-0.42054,2018-12-31 19:05:00
"1048",-518,"RLA496825S",0.447,8.6266875,-0.42217,2018-12-31 19:05:00
"1049",-539,"RLA496825S",0.447,8.6345,-0.439285,2018-12-31 19:05:00
"1050",-562,"RLA496825S",0.447,8.6423125,-0.45803,2018-12-31 19:05:00
"1051",-540,"RLA496825S",0.447,8.650125,-0.4401,2018-12-31 19:05:00
"1052",-539,"RLA496825S",0.447,8.6579375,-0.439285,2018-12-31 19:05:00
"1053",-587,"RLA496825S",0.447,8.66575,-0.478405,2018-12-31 19:05:00
"1054",-613,"RLA496825S",0.447,8.6735625,-0.499595,2018-12-31 19:05:00
"1055",-594,"RLA496825S",0.447,8.681375,-0.48411,2018-12-31 19:05:00
"1056",-585,"RLA496825S",0.447,8.6891875,-0.476775,2018-12-31 19:05:00
"1057",-611,"RLA496825S",0.447,8.697,-0.497965,2018-12-31 19:05:00
"1058",-633,"RLA496825S",0.447,8.7048125,-0.515895,2018-12-31 19:05:00
"1059",-603,"RLA496825S",0.447,8.712625,-0.491445,2018-12-31 19:05:00
"1060",-524,"RLA496825S",0.447,8.7204375,-0.42706,2018-12-31 19:05:00
"1061",-532,"RLA496825S",0.447,8.72825,-0.43358,2018-12-31 19:05:00
"1062",-615,"RLA496825S",0.447,8.7360625,-0.501225,2018-12-31 19:05:00
"1063",-654,"RLA496825S",0.447,8.743875,-0.53301,2018-12-31 19:05:00
"1064",-651,"RLA496825S",0.447,8.7516875,-0.530565,2018-12-31 19:05:00
"1065",-648,"RLA496825S",0.447,8.7595,-0.52812,2018-12-31 19:05:00
"1066",-676,"RLA496825S",0.447,8.7673125,-0.55094,2018-12-31 19:05:00
"1067",-679,"RLA496825S",0.447,8.775125,-0.553385,2018-12-31 19:05:00
"1068",-573,"RLA496825S",0.447,8.7829375,-0.466995,2018-12-31 19:05:00
"1069",-592,"RLA496825S",0.447,8.79075,-0.48248,2018-12-31 19:05:00
"1070",-1141,"RLA496825S",0.447,8.7985625,-0.929915,2018-12-31 19:05:00
"1071",-1532,"RLA496825S",0.447,8.806375,-1.24858,2018-12-31 19:05:00
"1072",-900,"RLA496825S",0.447,8.8141875,-0.7335,2018-12-31 19:05:00
"1073",-492,"RLA496825S",0.447,8.822,-0.40098,2018-12-31 19:05:00
"1074",-552,"RLA496825S",0.447,8.8298125,-0.44988,2018-12-31 19:05:00
"1075",-668,"RLA496825S",0.447,8.837625,-0.54442,2018-12-31 19:05:00
"1076",-617,"RLA496825S",0.447,8.8454375,-0.502855,2018-12-31 19:05:00
"1077",-600,"RLA496825S",0.447,8.85325,-0.489,2018-12-31 19:05:00
"1078",-643,"RLA496825S",0.447,8.8610625,-0.524045,2018-12-31 19:05:00
"1079",-665,"RLA496825S",0.447,8.868875,-0.541975,2018-12-31 19:05:00
"1080",-634,"RLA496825S",0.447,8.8766875,-0.51671,2018-12-31 19:05:00
"1081",-605,"RLA496825S",0.447,8.8845,-0.493075,2018-12-31 19:05:00
"1082",-631,"RLA496825S",0.447,8.8923125,-0.514265,2018-12-31 19:05:00
"1083",-635,"RLA496825S",0.447,8.900125,-0.517525,2018-12-31 19:05:00
"1084",-602,"RLA496825S",0.447,8.9079375,-0.49063,2018-12-31 19:05:00
"1085",-650,"RLA496825S",0.447,8.91575,-0.52975,2018-12-31 19:05:00
"1086",-707,"RLA496825S",0.447,8.9235625,-0.576205,2018-12-31 19:05:00
"1087",-674,"RLA496825S",0.447,8.931375,-0.54931,2018-12-31 19:05:00
"1088",-640,"RLA496825S",0.447,8.9391875,-0.5216,2018-12-31 19:05:00
"1089",-615,"RLA496825S",0.447,8.947,-0.501225,2018-12-31 19:05:00
"1090",-535,"RLA496825S",0.447,8.9548125,-0.436025,2018-12-31 19:05:00
"1091",-453,"RLA496825S",0.447,8.962625,-0.369195,2018-12-31 19:05:00
"1092",-508,"RLA496825S",0.447,8.9704375,-0.41402,2018-12-31 19:05:00
"1093",-516,"RLA496825S",0.447,8.97825,-0.42054,2018-12-31 19:05:00
"1094",-403,"RLA496825S",0.447,8.9860625,-0.328445,2018-12-31 19:05:00
"1095",-366,"RLA496825S",0.447,8.993875,-0.29829,2018-12-31 19:05:00
"1096",-426,"RLA496825S",0.447,9.0016875,-0.34719,2018-12-31 19:05:00
"1097",-461,"RLA496825S",0.447,9.0095,-0.375715,2018-12-31 19:05:00
"1098",-454,"RLA496825S",0.447,9.0173125,-0.37001,2018-12-31 19:05:00
"1099",-470,"RLA496825S",0.447,9.025125,-0.38305,2018-12-31 19:05:00
"1100",-475,"RLA496825S",0.447,9.0329375,-0.387125,2018-12-31 19:05:00
"1101",-462,"RLA496825S",0.447,9.04075,-0.37653,2018-12-31 19:05:00
"1102",-472,"RLA496825S",0.447,9.0485625,-0.38468,2018-12-31 19:05:00
"1103",-469,"RLA496825S",0.447,9.056375,-0.382235,2018-12-31 19:05:00
"1104",-462,"RLA496825S",0.447,9.0641875,-0.37653,2018-12-31 19:05:00
"1105",-450,"RLA496825S",0.447,9.072,-0.36675,2018-12-31 19:05:00
"1106",-453,"RLA496825S",0.447,9.0798125,-0.369195,2018-12-31 19:05:00
"1107",-448,"RLA496825S",0.447,9.087625,-0.36512,2018-12-31 19:05:00
"1108",-435,"RLA496825S",0.447,9.0954375,-0.354525,2018-12-31 19:05:00
"1109",-428,"RLA496825S",0.447,9.10325,-0.34882,2018-12-31 19:05:00
"1110",-405,"RLA496825S",0.447,9.1110625,-0.330075,2018-12-31 19:05:00
"1111",-358,"RLA496825S",0.447,9.118875,-0.29177,2018-12-31 19:05:00
"1112",-326,"RLA496825S",0.447,9.1266875,-0.26569,2018-12-31 19:05:00
"1113",-343,"RLA496825S",0.447,9.1345,-0.279545,2018-12-31 19:05:00
"1114",-369,"RLA496825S",0.447,9.1423125,-0.300735,2018-12-31 19:05:00
"1115",-324,"RLA496825S",0.447,9.150125,-0.26406,2018-12-31 19:05:00
"1116",-266,"RLA496825S",0.447,9.1579375,-0.21679,2018-12-31 19:05:00
"1117",-293,"RLA496825S",0.447,9.16575,-0.238795,2018-12-31 19:05:00
"1118",-275,"RLA496825S",0.447,9.1735625,-0.224125,2018-12-31 19:05:00
"1119",-228,"RLA496825S",0.447,9.181375,-0.18582,2018-12-31 19:05:00
"1120",-225,"RLA496825S",0.447,9.1891875,-0.183375,2018-12-31 19:05:00
"1121",-196,"RLA496825S",0.447,9.197,-0.15974,2018-12-31 19:05:00
"1122",-191,"RLA496825S",0.447,9.2048125,-0.155665,2018-12-31 19:05:00
"1123",-226,"RLA496825S",0.447,9.212625,-0.18419,2018-12-31 19:05:00
"1124",-239,"RLA496825S",0.447,9.2204375,-0.194785,2018-12-31 19:05:00
"1125",-230,"RLA496825S",0.447,9.22825,-0.18745,2018-12-31 19:05:00
"1126",-232,"RLA496825S",0.447,9.2360625,-0.18908,2018-12-31 19:05:00
"1127",-239,"RLA496825S",0.447,9.243875,-0.194785,2018-12-31 19:05:00
"1128",-385,"RLA496825S",0.447,9.2516875,-0.313775,2018-12-31 19:05:00
"1129",-734,"RLA496825S",0.447,9.2595,-0.59821,2018-12-31 19:05:00
"1130",-844,"RLA496825S",0.447,9.2673125,-0.68786,2018-12-31 19:05:00
"1131",-368,"RLA496825S",0.447,9.275125,-0.29992,2018-12-31 19:05:00
"1132",-43,"RLA496825S",0.447,9.2829375,-0.035045,2018-12-31 19:05:00
"1133",-243,"RLA496825S",0.447,9.29075,-0.198045,2018-12-31 19:05:00
"1134",-354,"RLA496825S",0.447,9.2985625,-0.28851,2018-12-31 19:05:00
"1135",-258,"RLA496825S",0.447,9.306375,-0.21027,2018-12-31 19:05:00
"1136",-289,"RLA496825S",0.447,9.3141875,-0.235535,2018-12-31 19:05:00
"1137",-358,"RLA496825S",0.447,9.322,-0.29177,2018-12-31 19:05:00
"1138",-375,"RLA496825S",0.447,9.3298125,-0.305625,2018-12-31 19:05:00
"1139",-400,"RLA496825S",0.447,9.337625,-0.326,2018-12-31 19:05:00
"1140",-410,"RLA496825S",0.447,9.3454375,-0.33415,2018-12-31 19:05:00
"1141",-418,"RLA496825S",0.447,9.35325,-0.34067,2018-12-31 19:05:00
"1142",-433,"RLA496825S",0.447,9.3610625,-0.352895,2018-12-31 19:05:00
"1143",-436,"RLA496825S",0.447,9.368875,-0.35534,2018-12-31 19:05:00
"1144",-478,"RLA496825S",0.447,9.3766875,-0.38957,2018-12-31 19:05:00
"1145",-483,"RLA496825S",0.447,9.3845,-0.393645,2018-12-31 19:05:00
"1146",-498,"RLA496825S",0.447,9.3923125,-0.40587,2018-12-31 19:05:00
"1147",-530,"RLA496825S",0.447,9.400125,-0.43195,2018-12-31 19:05:00
"1148",-545,"RLA496825S",0.447,9.4079375,-0.444175,2018-12-31 19:05:00
"1149",-554,"RLA496825S",0.447,9.41575,-0.45151,2018-12-31 19:05:00
"1150",-526,"RLA496825S",0.447,9.4235625,-0.42869,2018-12-31 19:05:00
"1151",-457,"RLA496825S",0.447,9.431375,-0.372455,2018-12-31 19:05:00
"1152",-413,"RLA496825S",0.447,9.4391875,-0.336595,2018-12-31 19:05:00
"1153",-396,"RLA496825S",0.447,9.447,-0.32274,2018-12-31 19:05:00
"1154",-386,"RLA496825S",0.447,9.4548125,-0.31459,2018-12-31 19:05:00
"1155",-377,"RLA496825S",0.447,9.462625,-0.307255,2018-12-31 19:05:00
"1156",-375,"RLA496825S",0.447,9.4704375,-0.305625,2018-12-31 19:05:00
"1157",-384,"RLA496825S",0.447,9.47825,-0.31296,2018-12-31 19:05:00
"1158",-375,"RLA496825S",0.447,9.4860625,-0.305625,2018-12-31 19:05:00
"1159",-381,"RLA496825S",0.447,9.493875,-0.310515,2018-12-31 19:05:00
"1160",-409,"RLA496825S",0.447,9.5016875,-0.333335,2018-12-31 19:05:00
"1161",-428,"RLA496825S",0.447,9.5095,-0.34882,2018-12-31 19:05:00
"1162",-440,"RLA496825S",0.447,9.5173125,-0.3586,2018-12-31 19:05:00
"1163",-443,"RLA496825S",0.447,9.525125,-0.361045,2018-12-31 19:05:00
"1164",-467,"RLA496825S",0.447,9.5329375,-0.380605,2018-12-31 19:05:00
"1165",-487,"RLA496825S",0.447,9.54075,-0.396905,2018-12-31 19:05:00
"1166",-501,"RLA496825S",0.447,9.5485625,-0.408315,2018-12-31 19:05:00
"1167",-539,"RLA496825S",0.447,9.556375,-0.439285,2018-12-31 19:05:00
"1168",-543,"RLA496825S",0.447,9.5641875,-0.442545,2018-12-31 19:05:00
"1169",-520,"RLA496825S",0.447,9.572,-0.4238,2018-12-31 19:05:00
"1170",-538,"RLA496825S",0.447,9.5798125,-0.43847,2018-12-31 19:05:00
"1171",-566,"RLA496825S",0.447,9.587625,-0.46129,2018-12-31 19:05:00
"1172",-576,"RLA496825S",0.447,9.5954375,-0.46944,2018-12-31 19:05:00
"1173",-582,"RLA496825S",0.447,9.60325,-0.47433,2018-12-31 19:05:00
"1174",-589,"RLA496825S",0.447,9.6110625,-0.480035,2018-12-31 19:05:00
"1175",-595,"RLA496825S",0.447,9.618875,-0.484925,2018-12-31 19:05:00
"1176",-627,"RLA496825S",0.447,9.6266875,-0.511005,2018-12-31 19:05:00
"1177",-672,"RLA496825S",0.447,9.6345,-0.54768,2018-12-31 19:05:00
"1178",-686,"RLA496825S",0.447,9.6423125,-0.55909,2018-12-31 19:05:00
"1179",-633,"RLA496825S",0.447,9.650125,-0.515895,2018-12-31 19:05:00
"1180",-594,"RLA496825S",0.447,9.6579375,-0.48411,2018-12-31 19:05:00
"1181",-650,"RLA496825S",0.447,9.66575,-0.52975,2018-12-31 19:05:00
"1182",-702,"RLA496825S",0.447,9.6735625,-0.57213,2018-12-31 19:05:00
"1183",-711,"RLA496825S",0.447,9.681375,-0.579465,2018-12-31 19:05:00
"1184",-705,"RLA496825S",0.447,9.6891875,-0.574575,2018-12-31 19:05:00
"1185",-697,"RLA496825S",0.447,9.697,-0.568055,2018-12-31 19:05:00
"1186",-697,"RLA496825S",0.447,9.7048125,-0.568055,2018-12-31 19:05:00
"1187",-679,"RLA496825S",0.447,9.712625,-0.553385,2018-12-31 19:05:00
"1188",-675,"RLA496825S",0.447,9.7204375,-0.550125,2018-12-31 19:05:00
"1189",-704,"RLA496825S",0.447,9.72825,-0.57376,2018-12-31 19:05:00
"1190",-700,"RLA496825S",0.447,9.7360625,-0.5705,2018-12-31 19:05:00
"1191",-643,"RLA496825S",0.447,9.743875,-0.524045,2018-12-31 19:05:00
"1192",-646,"RLA496825S",0.447,9.7516875,-0.52649,2018-12-31 19:05:00
"1193",-671,"RLA496825S",0.447,9.7595,-0.546865,2018-12-31 19:05:00
"1194",-586,"RLA496825S",0.447,9.7673125,-0.47759,2018-12-31 19:05:00
"1195",-533,"RLA496825S",0.447,9.775125,-0.434395,2018-12-31 19:05:00
"1196",-617,"RLA496825S",0.447,9.7829375,-0.502855,2018-12-31 19:05:00
"1197",-667,"RLA496825S",0.447,9.79075,-0.543605,2018-12-31 19:05:00
"1198",-640,"RLA496825S",0.447,9.7985625,-0.5216,2018-12-31 19:05:00
"1199",-646,"RLA496825S",0.447,9.806375,-0.52649,2018-12-31 19:05:00
"1200",-670,"RLA496825S",0.447,9.8141875,-0.54605,2018-12-31 19:05:00
"1201",-640,"RLA496825S",0.447,9.822,-0.5216,2018-12-31 19:05:00
"1202",-563,"RLA496825S",0.447,9.8298125,-0.458845,2018-12-31 19:05:00
"1203",-555,"RLA496825S",0.447,9.837625,-0.452325,2018-12-31 19:05:00
"1204",-663,"RLA496825S",0.447,9.8454375,-0.540345,2018-12-31 19:05:00
"1205",-437,"RLA496825S",0.447,9.85325,-0.356155,2018-12-31 19:05:00
"1206",-266,"RLA496825S",0.447,9.8610625,-0.21679,2018-12-31 19:05:00
"1207",-562,"RLA496825S",0.447,9.868875,-0.45803,2018-12-31 19:05:00
"1208",-740,"RLA496825S",0.447,9.8766875,-0.6031,2018-12-31 19:05:00
"1209",-632,"RLA496825S",0.447,9.8845,-0.51508,2018-12-31 19:05:00
"1210",-630,"RLA496825S",0.447,9.8923125,-0.51345,2018-12-31 19:05:00
"1211",-613,"RLA496825S",0.447,9.900125,-0.499595,2018-12-31 19:05:00
"1212",-505,"RLA496825S",0.447,9.9079375,-0.411575,2018-12-31 19:05:00
"1213",-591,"RLA496825S",0.447,9.91575,-0.481665,2018-12-31 19:05:00
"1214",-690,"RLA496825S",0.447,9.9235625,-0.56235,2018-12-31 19:05:00
"1215",-611,"RLA496825S",0.447,9.931375,-0.497965,2018-12-31 19:05:00
"1216",-625,"RLA496825S",0.447,9.9391875,-0.509375,2018-12-31 19:05:00
"1217",-629,"RLA496825S",0.447,9.947,-0.512635,2018-12-31 19:05:00
"1218",-610,"RLA496825S",0.447,9.9548125,-0.49715,2018-12-31 19:05:00
"1219",-622,"RLA496825S",0.447,9.962625,-0.50693,2018-12-31 19:05:00
"1220",-664,"RLA496825S",0.447,9.9704375,-0.54116,2018-12-31 19:05:00
"1221",-691,"RLA496825S",0.447,9.97825,-0.563165,2018-12-31 19:05:00
"1222",-645,"RLA496825S",0.447,9.9860625,-0.525675,2018-12-31 19:05:00
"1223",-620,"RLA496825S",0.447,9.993875,-0.5053,2018-12-31 19:05:00
"1224",-603,"RLA496825S",0.447,10.0016875,-0.491445,2018-12-31 19:05:00
"1225",-530,"RLA496825S",0.447,10.0095,-0.43195,2018-12-31 19:05:00
"1226",-453,"RLA496825S",0.447,10.0173125,-0.369195,2018-12-31 19:05:00
"1227",-392,"RLA496825S",0.447,10.025125,-0.31948,2018-12-31 19:05:00
"1228",-366,"RLA496825S",0.447,10.0329375,-0.29829,2018-12-31 19:05:00
"1229",-382,"RLA496825S",0.447,10.04075,-0.31133,2018-12-31 19:05:00
"1230",-371,"RLA496825S",0.447,10.0485625,-0.302365,2018-12-31 19:05:00
"1231",-351,"RLA496825S",0.447,10.056375,-0.286065,2018-12-31 19:05:00
"1232",-336,"RLA496825S",0.447,10.0641875,-0.27384,2018-12-31 19:05:00
"1233",-346,"RLA496825S",0.447,10.072,-0.28199,2018-12-31 19:05:00
"1234",-354,"RLA496825S",0.447,10.0798125,-0.28851,2018-12-31 19:05:00
"1235",-338,"RLA496825S",0.447,10.087625,-0.27547,2018-12-31 19:05:00
"1236",-293,"RLA496825S",0.447,10.0954375,-0.238795,2018-12-31 19:05:00
"1237",-280,"RLA496825S",0.447,10.10325,-0.2282,2018-12-31 19:05:00
"1238",-297,"RLA496825S",0.447,10.1110625,-0.242055,2018-12-31 19:05:00
"1239",-249,"RLA496825S",0.447,10.118875,-0.202935,2018-12-31 19:05:00
"1240",-231,"RLA496825S",0.447,10.1266875,-0.188265,2018-12-31 19:05:00
"1241",-263,"RLA496825S",0.447,10.1345,-0.214345,2018-12-31 19:05:00
"1242",-250,"RLA496825S",0.447,10.1423125,-0.20375,2018-12-31 19:05:00
"1243",-245,"RLA496825S",0.447,10.150125,-0.199675,2018-12-31 19:05:00
"1244",-269,"RLA496825S",0.447,10.1579375,-0.219235,2018-12-31 19:05:00
"1245",-271,"RLA496825S",0.447,10.16575,-0.220865,2018-12-31 19:05:00
"1246",-270,"RLA496825S",0.447,10.1735625,-0.22005,2018-12-31 19:05:00
"1247",-279,"RLA496825S",0.447,10.181375,-0.227385,2018-12-31 19:05:00
"1248",-278,"RLA496825S",0.447,10.1891875,-0.22657,2018-12-31 19:05:00
"1249",-279,"RLA496825S",0.447,10.197,-0.227385,2018-12-31 19:05:00
"1250",-277,"RLA496825S",0.447,10.2048125,-0.225755,2018-12-31 19:05:00
"1251",-278,"RLA496825S",0.447,10.212625,-0.22657,2018-12-31 19:05:00
"1252",-282,"RLA496825S",0.447,10.2204375,-0.22983,2018-12-31 19:05:00
"1253",-288,"RLA496825S",0.447,10.22825,-0.23472,2018-12-31 19:05:00
"1254",-284,"RLA496825S",0.447,10.2360625,-0.23146,2018-12-31 19:05:00
"1255",-278,"RLA496825S",0.447,10.243875,-0.22657,2018-12-31 19:05:00
"1256",-281,"RLA496825S",0.447,10.2516875,-0.229015,2018-12-31 19:05:00
"1257",-291,"RLA496825S",0.447,10.2595,-0.237165,2018-12-31 19:05:00
"1258",-311,"RLA496825S",0.447,10.2673125,-0.253465,2018-12-31 19:05:00
"1259",-310,"RLA496825S",0.447,10.275125,-0.25265,2018-12-31 19:05:00
"1260",-300,"RLA496825S",0.447,10.2829375,-0.2445,2018-12-31 19:05:00
"1261",-288,"RLA496825S",0.447,10.29075,-0.23472,2018-12-31 19:05:00
"1262",-304,"RLA496825S",0.447,10.2985625,-0.24776,2018-12-31 19:05:00
"1263",-349,"RLA496825S",0.447,10.306375,-0.284435,2018-12-31 19:05:00
"1264",-378,"RLA496825S",0.447,10.3141875,-0.30807,2018-12-31 19:05:00
"1265",-353,"RLA496825S",0.447,10.322,-0.287695,2018-12-31 19:05:00
"1266",-343,"RLA496825S",0.447,10.3298125,-0.279545,2018-12-31 19:05:00
"1267",-370,"RLA496825S",0.447,10.337625,-0.30155,2018-12-31 19:05:00
"1268",-366,"RLA496825S",0.447,10.3454375,-0.29829,2018-12-31 19:05:00
"1269",-415,"RLA496825S",0.447,10.35325,-0.338225,2018-12-31 19:05:00
"1270",-668,"RLA496825S",0.447,10.3610625,-0.54442,2018-12-31 19:05:00
"1271",-830,"RLA496825S",0.447,10.368875,-0.67645,2018-12-31 19:05:00
"1272",-371,"RLA496825S",0.447,10.3766875,-0.302365,2018-12-31 19:05:00
"1273",-180,"RLA496825S",0.447,10.3845,-0.1467,2018-12-31 19:05:00
"1274",-388,"RLA496825S",0.447,10.3923125,-0.31622,2018-12-31 19:05:00
"1275",-494,"RLA496825S",0.447,10.400125,-0.40261,2018-12-31 19:05:00
"1276",-479,"RLA496825S",0.447,10.4079375,-0.390385,2018-12-31 19:05:00
"1277",-498,"RLA496825S",0.447,10.41575,-0.40587,2018-12-31 19:05:00
"1278",-488,"RLA496825S",0.447,10.4235625,-0.39772,2018-12-31 19:05:00
"1279",-470,"RLA496825S",0.447,10.431375,-0.38305,2018-12-31 19:05:00
"1280",-504,"RLA496825S",0.447,10.4391875,-0.41076,2018-12-31 19:05:00
"1281",-513,"RLA496825S",0.447,10.447,-0.418095,2018-12-31 19:05:00
"1282",-552,"RLA496825S",0.447,10.4548125,-0.44988,2018-12-31 19:05:00
"1283",-572,"RLA496825S",0.447,10.462625,-0.46618,2018-12-31 19:05:00
"1284",-558,"RLA496825S",0.447,10.4704375,-0.45477,2018-12-31 19:05:00
"1285",-618,"RLA496825S",0.447,10.47825,-0.50367,2018-12-31 19:05:00
"1286",-690,"RLA496825S",0.447,10.4860625,-0.56235,2018-12-31 19:05:00
"1287",-745,"RLA496825S",0.447,10.493875,-0.607175,2018-12-31 19:05:00
"1288",-795,"RLA496825S",0.447,10.5016875,-0.647925,2018-12-31 19:05:00
"1289",-805,"RLA496825S",0.447,10.5095,-0.656075,2018-12-31 19:05:00
"1290",-803,"RLA496825S",0.447,10.5173125,-0.654445,2018-12-31 19:05:00
"1291",-742,"RLA496825S",0.447,10.525125,-0.60473,2018-12-31 19:05:00
"1292",-651,"RLA496825S",0.447,10.5329375,-0.530565,2018-12-31 19:05:00
"1293",-589,"RLA496825S",0.447,10.54075,-0.480035,2018-12-31 19:05:00
"1294",-555,"RLA496825S",0.447,10.5485625,-0.452325,2018-12-31 19:05:00
"1295",-557,"RLA496825S",0.447,10.556375,-0.453955,2018-12-31 19:05:00
"1296",-569,"RLA496825S",0.447,10.5641875,-0.463735,2018-12-31 19:05:00
"1297",-577,"RLA496825S",0.447,10.572,-0.470255,2018-12-31 19:05:00
"1298",-586,"RLA496825S",0.447,10.5798125,-0.47759,2018-12-31 19:05:00
"1299",-590,"RLA496825S",0.447,10.587625,-0.48085,2018-12-31 19:05:00
"1300",-595,"RLA496825S",0.447,10.5954375,-0.484925,2018-12-31 19:05:00
"1301",-615,"RLA496825S",0.447,10.60325,-0.501225,2018-12-31 19:05:00
"1302",-643,"RLA496825S",0.447,10.6110625,-0.524045,2018-12-31 19:05:00
"1303",-669,"RLA496825S",0.447,10.618875,-0.545235,2018-12-31 19:05:00
"1304",-699,"RLA496825S",0.447,10.6266875,-0.569685,2018-12-31 19:05:00
"1305",-697,"RLA496825S",0.447,10.6345,-0.568055,2018-12-31 19:05:00
"1306",-692,"RLA496825S",0.447,10.6423125,-0.56398,2018-12-31 19:05:00
"1307",-692,"RLA496825S",0.447,10.650125,-0.56398,2018-12-31 19:05:00
"1308",-670,"RLA496825S",0.447,10.6579375,-0.54605,2018-12-31 19:05:00
"1309",-640,"RLA496825S",0.447,10.66575,-0.5216,2018-12-31 19:05:00
"1310",-651,"RLA496825S",0.447,10.6735625,-0.530565,2018-12-31 19:05:00
"1311",-708,"RLA496825S",0.447,10.681375,-0.57702,2018-12-31 19:05:00
"1312",-735,"RLA496825S",0.447,10.6891875,-0.599025,2018-12-31 19:05:00
"1313",-720,"RLA496825S",0.447,10.697,-0.5868,2018-12-31 19:05:00
"1314",-700,"RLA496825S",0.447,10.7048125,-0.5705,2018-12-31 19:05:00
"1315",-693,"RLA496825S",0.447,10.712625,-0.564795,2018-12-31 19:05:00
"1316",-694,"RLA496825S",0.447,10.7204375,-0.56561,2018-12-31 19:05:00
"1317",-685,"RLA496825S",0.447,10.72825,-0.558275,2018-12-31 19:05:00
"1318",-691,"RLA496825S",0.447,10.7360625,-0.563165,2018-12-31 19:05:00
"1319",-701,"RLA496825S",0.447,10.743875,-0.571315,2018-12-31 19:05:00
"1320",-685,"RLA496825S",0.447,10.7516875,-0.558275,2018-12-31 19:05:00
"1321",-631,"RLA496825S",0.447,10.7595,-0.514265,2018-12-31 19:05:00
"1322",-577,"RLA496825S",0.447,10.7673125,-0.470255,2018-12-31 19:05:00
"1323",-610,"RLA496825S",0.447,10.775125,-0.49715,2018-12-31 19:05:00
"1324",-661,"RLA496825S",0.447,10.7829375,-0.538715,2018-12-31 19:05:00
"1325",-649,"RLA496825S",0.447,10.79075,-0.528935,2018-12-31 19:05:00
"1326",-634,"RLA496825S",0.447,10.7985625,-0.51671,2018-12-31 19:05:00
"1327",-634,"RLA496825S",0.447,10.806375,-0.51671,2018-12-31 19:05:00
"1328",-599,"RLA496825S",0.447,10.8141875,-0.488185,2018-12-31 19:05:00
"1329",-605,"RLA496825S",0.447,10.822,-0.493075,2018-12-31 19:05:00
"1330",-485,"RLA496825S",0.447,10.8298125,-0.395275,2018-12-31 19:05:00
"1331",-1477,"RLA496825S",0.447,10.837625,-1.203755,2018-12-31 19:05:00
