"","waveform","serial","offset","time.sec","voltage.mv","date.time"
"1",-825,"RLA496839S",1.627,1.627,-0.672375,2019-08-28 23:05:00
"2",-489,"RLA496839S",1.627,1.6348125,-0.398535,2019-08-28 23:05:00
"3",-217,"RLA496839S",1.627,1.642625,-0.176855,2019-08-28 23:05:00
"4",-329,"RLA496839S",1.627,1.6504375,-0.268135,2019-08-28 23:05:00
"5",-391,"RLA496839S",1.627,1.65825,-0.318665,2019-08-28 23:05:00
"6",-400,"RLA496839S",1.627,1.6660625,-0.326,2019-08-28 23:05:00
"7",-389,"RLA496839S",1.627,1.673875,-0.317035,2019-08-28 23:05:00
"8",-403,"RLA496839S",1.627,1.6816875,-0.328445,2019-08-28 23:05:00
"9",-399,"RLA496839S",1.627,1.6895,-0.325185,2019-08-28 23:05:00
"10",-401,"RLA496839S",1.627,1.6973125,-0.326815,2019-08-28 23:05:00
"11",-409,"RLA496839S",1.627,1.705125,-0.333335,2019-08-28 23:05:00
"12",-413,"RLA496839S",1.627,1.7129375,-0.336595,2019-08-28 23:05:00
"13",-418,"RLA496839S",1.627,1.72075,-0.34067,2019-08-28 23:05:00
"14",-408,"RLA496839S",1.627,1.7285625,-0.33252,2019-08-28 23:05:00
"15",-398,"RLA496839S",1.627,1.736375,-0.32437,2019-08-28 23:05:00
"16",-424,"RLA496839S",1.627,1.7441875,-0.34556,2019-08-28 23:05:00
"17",-422,"RLA496839S",1.627,1.752,-0.34393,2019-08-28 23:05:00
"18",-420,"RLA496839S",1.627,1.7598125,-0.3423,2019-08-28 23:05:00
"19",-425,"RLA496839S",1.627,1.767625,-0.346375,2019-08-28 23:05:00
"20",-427,"RLA496839S",1.627,1.7754375,-0.348005,2019-08-28 23:05:00
"21",-433,"RLA496839S",1.627,1.78325,-0.352895,2019-08-28 23:05:00
"22",-439,"RLA496839S",1.627,1.7910625,-0.357785,2019-08-28 23:05:00
"23",-448,"RLA496839S",1.627,1.798875,-0.36512,2019-08-28 23:05:00
"24",-451,"RLA496839S",1.627,1.8066875,-0.367565,2019-08-28 23:05:00
"25",-452,"RLA496839S",1.627,1.8145,-0.36838,2019-08-28 23:05:00
"26",-453,"RLA496839S",1.627,1.8223125,-0.369195,2019-08-28 23:05:00
"27",-435,"RLA496839S",1.627,1.830125,-0.354525,2019-08-28 23:05:00
"28",-403,"RLA496839S",1.627,1.8379375,-0.328445,2019-08-28 23:05:00
"29",-374,"RLA496839S",1.627,1.84575,-0.30481,2019-08-28 23:05:00
"30",-360,"RLA496839S",1.627,1.8535625,-0.2934,2019-08-28 23:05:00
"31",-357,"RLA496839S",1.627,1.861375,-0.290955,2019-08-28 23:05:00
"32",-354,"RLA496839S",1.627,1.8691875,-0.28851,2019-08-28 23:05:00
"33",-353,"RLA496839S",1.627,1.877,-0.287695,2019-08-28 23:05:00
"34",-351,"RLA496839S",1.627,1.8848125,-0.286065,2019-08-28 23:05:00
"35",-350,"RLA496839S",1.627,1.892625,-0.28525,2019-08-28 23:05:00
"36",-355,"RLA496839S",1.627,1.9004375,-0.289325,2019-08-28 23:05:00
"37",-358,"RLA496839S",1.627,1.90825,-0.29177,2019-08-28 23:05:00
"38",-355,"RLA496839S",1.627,1.9160625,-0.289325,2019-08-28 23:05:00
"39",-355,"RLA496839S",1.627,1.923875,-0.289325,2019-08-28 23:05:00
"40",-359,"RLA496839S",1.627,1.9316875,-0.292585,2019-08-28 23:05:00
"41",-362,"RLA496839S",1.627,1.9395,-0.29503,2019-08-28 23:05:00
"42",-361,"RLA496839S",1.627,1.9473125,-0.294215,2019-08-28 23:05:00
"43",-361,"RLA496839S",1.627,1.955125,-0.294215,2019-08-28 23:05:00
"44",-363,"RLA496839S",1.627,1.9629375,-0.295845,2019-08-28 23:05:00
"45",-362,"RLA496839S",1.627,1.97075,-0.29503,2019-08-28 23:05:00
"46",-362,"RLA496839S",1.627,1.9785625,-0.29503,2019-08-28 23:05:00
"47",-361,"RLA496839S",1.627,1.986375,-0.294215,2019-08-28 23:05:00
"48",-358,"RLA496839S",1.627,1.9941875,-0.29177,2019-08-28 23:05:00
"49",-360,"RLA496839S",1.627,2.002,-0.2934,2019-08-28 23:05:00
"50",-361,"RLA496839S",1.627,2.0098125,-0.294215,2019-08-28 23:05:00
"51",-358,"RLA496839S",1.627,2.017625,-0.29177,2019-08-28 23:05:00
"52",-358,"RLA496839S",1.627,2.0254375,-0.29177,2019-08-28 23:05:00
"53",-360,"RLA496839S",1.627,2.03325,-0.2934,2019-08-28 23:05:00
"54",-360,"RLA496839S",1.627,2.0410625,-0.2934,2019-08-28 23:05:00
"55",-362,"RLA496839S",1.627,2.048875,-0.29503,2019-08-28 23:05:00
"56",-364,"RLA496839S",1.627,2.0566875,-0.29666,2019-08-28 23:05:00
"57",-362,"RLA496839S",1.627,2.0645,-0.29503,2019-08-28 23:05:00
"58",-359,"RLA496839S",1.627,2.0723125,-0.292585,2019-08-28 23:05:00
"59",-358,"RLA496839S",1.627,2.080125,-0.29177,2019-08-28 23:05:00
"60",-360,"RLA496839S",1.627,2.0879375,-0.2934,2019-08-28 23:05:00
"61",-363,"RLA496839S",1.627,2.09575,-0.295845,2019-08-28 23:05:00
"62",-361,"RLA496839S",1.627,2.1035625,-0.294215,2019-08-28 23:05:00
"63",-360,"RLA496839S",1.627,2.111375,-0.2934,2019-08-28 23:05:00
"64",-364,"RLA496839S",1.627,2.1191875,-0.29666,2019-08-28 23:05:00
"65",-364,"RLA496839S",1.627,2.127,-0.29666,2019-08-28 23:05:00
"66",-363,"RLA496839S",1.627,2.1348125,-0.295845,2019-08-28 23:05:00
"67",-364,"RLA496839S",1.627,2.142625,-0.29666,2019-08-28 23:05:00
"68",-363,"RLA496839S",1.627,2.1504375,-0.295845,2019-08-28 23:05:00
"69",-363,"RLA496839S",1.627,2.15825,-0.295845,2019-08-28 23:05:00
"70",-365,"RLA496839S",1.627,2.1660625,-0.297475,2019-08-28 23:05:00
"71",-367,"RLA496839S",1.627,2.173875,-0.299105,2019-08-28 23:05:00
"72",-364,"RLA496839S",1.627,2.1816875,-0.29666,2019-08-28 23:05:00
"73",-364,"RLA496839S",1.627,2.1895,-0.29666,2019-08-28 23:05:00
"74",-367,"RLA496839S",1.627,2.1973125,-0.299105,2019-08-28 23:05:00
"75",-366,"RLA496839S",1.627,2.205125,-0.29829,2019-08-28 23:05:00
"76",-366,"RLA496839S",1.627,2.2129375,-0.29829,2019-08-28 23:05:00
"77",-368,"RLA496839S",1.627,2.22075,-0.29992,2019-08-28 23:05:00
"78",-368,"RLA496839S",1.627,2.2285625,-0.29992,2019-08-28 23:05:00
"79",-369,"RLA496839S",1.627,2.236375,-0.300735,2019-08-28 23:05:00
"80",-370,"RLA496839S",1.627,2.2441875,-0.30155,2019-08-28 23:05:00
"81",-368,"RLA496839S",1.627,2.252,-0.29992,2019-08-28 23:05:00
"82",-368,"RLA496839S",1.627,2.2598125,-0.29992,2019-08-28 23:05:00
"83",-368,"RLA496839S",1.627,2.267625,-0.29992,2019-08-28 23:05:00
"84",-367,"RLA496839S",1.627,2.2754375,-0.299105,2019-08-28 23:05:00
"85",-370,"RLA496839S",1.627,2.28325,-0.30155,2019-08-28 23:05:00
"86",-372,"RLA496839S",1.627,2.2910625,-0.30318,2019-08-28 23:05:00
"87",-367,"RLA496839S",1.627,2.298875,-0.299105,2019-08-28 23:05:00
"88",-366,"RLA496839S",1.627,2.3066875,-0.29829,2019-08-28 23:05:00
"89",-371,"RLA496839S",1.627,2.3145,-0.302365,2019-08-28 23:05:00
"90",-371,"RLA496839S",1.627,2.3223125,-0.302365,2019-08-28 23:05:00
"91",-369,"RLA496839S",1.627,2.330125,-0.300735,2019-08-28 23:05:00
"92",-369,"RLA496839S",1.627,2.3379375,-0.300735,2019-08-28 23:05:00
"93",-370,"RLA496839S",1.627,2.34575,-0.30155,2019-08-28 23:05:00
"94",-369,"RLA496839S",1.627,2.3535625,-0.300735,2019-08-28 23:05:00
"95",-368,"RLA496839S",1.627,2.361375,-0.29992,2019-08-28 23:05:00
"96",-369,"RLA496839S",1.627,2.3691875,-0.300735,2019-08-28 23:05:00
"97",-370,"RLA496839S",1.627,2.377,-0.30155,2019-08-28 23:05:00
"98",-370,"RLA496839S",1.627,2.3848125,-0.30155,2019-08-28 23:05:00
"99",-370,"RLA496839S",1.627,2.392625,-0.30155,2019-08-28 23:05:00
"100",-368,"RLA496839S",1.627,2.4004375,-0.29992,2019-08-28 23:05:00
"101",-368,"RLA496839S",1.627,2.40825,-0.29992,2019-08-28 23:05:00
"102",-370,"RLA496839S",1.627,2.4160625,-0.30155,2019-08-28 23:05:00
"103",-373,"RLA496839S",1.627,2.423875,-0.303995,2019-08-28 23:05:00
"104",-371,"RLA496839S",1.627,2.4316875,-0.302365,2019-08-28 23:05:00
"105",-371,"RLA496839S",1.627,2.4395,-0.302365,2019-08-28 23:05:00
"106",-372,"RLA496839S",1.627,2.4473125,-0.30318,2019-08-28 23:05:00
"107",-370,"RLA496839S",1.627,2.455125,-0.30155,2019-08-28 23:05:00
"108",-371,"RLA496839S",1.627,2.4629375,-0.302365,2019-08-28 23:05:00
"109",-372,"RLA496839S",1.627,2.47075,-0.30318,2019-08-28 23:05:00
"110",-372,"RLA496839S",1.627,2.4785625,-0.30318,2019-08-28 23:05:00
"111",-373,"RLA496839S",1.627,2.486375,-0.303995,2019-08-28 23:05:00
"112",-373,"RLA496839S",1.627,2.4941875,-0.303995,2019-08-28 23:05:00
"113",-372,"RLA496839S",1.627,2.502,-0.30318,2019-08-28 23:05:00
"114",-371,"RLA496839S",1.627,2.5098125,-0.302365,2019-08-28 23:05:00
"115",-372,"RLA496839S",1.627,2.517625,-0.30318,2019-08-28 23:05:00
"116",-373,"RLA496839S",1.627,2.5254375,-0.303995,2019-08-28 23:05:00
"117",-373,"RLA496839S",1.627,2.53325,-0.303995,2019-08-28 23:05:00
"118",-374,"RLA496839S",1.627,2.5410625,-0.30481,2019-08-28 23:05:00
"119",-375,"RLA496839S",1.627,2.548875,-0.305625,2019-08-28 23:05:00
"120",-373,"RLA496839S",1.627,2.5566875,-0.303995,2019-08-28 23:05:00
"121",-371,"RLA496839S",1.627,2.5645,-0.302365,2019-08-28 23:05:00
"122",-373,"RLA496839S",1.627,2.5723125,-0.303995,2019-08-28 23:05:00
"123",-374,"RLA496839S",1.627,2.580125,-0.30481,2019-08-28 23:05:00
"124",-375,"RLA496839S",1.627,2.5879375,-0.305625,2019-08-28 23:05:00
"125",-376,"RLA496839S",1.627,2.59575,-0.30644,2019-08-28 23:05:00
"126",-375,"RLA496839S",1.627,2.6035625,-0.305625,2019-08-28 23:05:00
"127",-372,"RLA496839S",1.627,2.611375,-0.30318,2019-08-28 23:05:00
"128",-371,"RLA496839S",1.627,2.6191875,-0.302365,2019-08-28 23:05:00
"129",-373,"RLA496839S",1.627,2.627,-0.303995,2019-08-28 23:05:00
"130",-375,"RLA496839S",1.627,2.6348125,-0.305625,2019-08-28 23:05:00
"131",-378,"RLA496839S",1.627,2.642625,-0.30807,2019-08-28 23:05:00
"132",-378,"RLA496839S",1.627,2.6504375,-0.30807,2019-08-28 23:05:00
"133",-377,"RLA496839S",1.627,2.65825,-0.307255,2019-08-28 23:05:00
"134",-373,"RLA496839S",1.627,2.6660625,-0.303995,2019-08-28 23:05:00
"135",-372,"RLA496839S",1.627,2.673875,-0.30318,2019-08-28 23:05:00
"136",-376,"RLA496839S",1.627,2.6816875,-0.30644,2019-08-28 23:05:00
"137",-374,"RLA496839S",1.627,2.6895,-0.30481,2019-08-28 23:05:00
"138",-373,"RLA496839S",1.627,2.6973125,-0.303995,2019-08-28 23:05:00
"139",-376,"RLA496839S",1.627,2.705125,-0.30644,2019-08-28 23:05:00
"140",-378,"RLA496839S",1.627,2.7129375,-0.30807,2019-08-28 23:05:00
"141",-376,"RLA496839S",1.627,2.72075,-0.30644,2019-08-28 23:05:00
"142",-378,"RLA496839S",1.627,2.7285625,-0.30807,2019-08-28 23:05:00
"143",-381,"RLA496839S",1.627,2.736375,-0.310515,2019-08-28 23:05:00
"144",-378,"RLA496839S",1.627,2.7441875,-0.30807,2019-08-28 23:05:00
"145",-377,"RLA496839S",1.627,2.752,-0.307255,2019-08-28 23:05:00
"146",-377,"RLA496839S",1.627,2.7598125,-0.307255,2019-08-28 23:05:00
"147",-378,"RLA496839S",1.627,2.767625,-0.30807,2019-08-28 23:05:00
"148",-378,"RLA496839S",1.627,2.7754375,-0.30807,2019-08-28 23:05:00
"149",-378,"RLA496839S",1.627,2.78325,-0.30807,2019-08-28 23:05:00
"150",-379,"RLA496839S",1.627,2.7910625,-0.308885,2019-08-28 23:05:00
"151",-381,"RLA496839S",1.627,2.798875,-0.310515,2019-08-28 23:05:00
"152",-381,"RLA496839S",1.627,2.8066875,-0.310515,2019-08-28 23:05:00
"153",-382,"RLA496839S",1.627,2.8145,-0.31133,2019-08-28 23:05:00
"154",-386,"RLA496839S",1.627,2.8223125,-0.31459,2019-08-28 23:05:00
"155",-391,"RLA496839S",1.627,2.830125,-0.318665,2019-08-28 23:05:00
"156",-396,"RLA496839S",1.627,2.8379375,-0.32274,2019-08-28 23:05:00
"157",-402,"RLA496839S",1.627,2.84575,-0.32763,2019-08-28 23:05:00
"158",-400,"RLA496839S",1.627,2.8535625,-0.326,2019-08-28 23:05:00
"159",-389,"RLA496839S",1.627,2.861375,-0.317035,2019-08-28 23:05:00
"160",-384,"RLA496839S",1.627,2.8691875,-0.31296,2019-08-28 23:05:00
"161",-381,"RLA496839S",1.627,2.877,-0.310515,2019-08-28 23:05:00
"162",-375,"RLA496839S",1.627,2.8848125,-0.305625,2019-08-28 23:05:00
"163",-371,"RLA496839S",1.627,2.892625,-0.302365,2019-08-28 23:05:00
"164",-369,"RLA496839S",1.627,2.9004375,-0.300735,2019-08-28 23:05:00
"165",-370,"RLA496839S",1.627,2.90825,-0.30155,2019-08-28 23:05:00
"166",-372,"RLA496839S",1.627,2.9160625,-0.30318,2019-08-28 23:05:00
"167",-368,"RLA496839S",1.627,2.923875,-0.29992,2019-08-28 23:05:00
"168",-365,"RLA496839S",1.627,2.9316875,-0.297475,2019-08-28 23:05:00
"169",-368,"RLA496839S",1.627,2.9395,-0.29992,2019-08-28 23:05:00
"170",-366,"RLA496839S",1.627,2.9473125,-0.29829,2019-08-28 23:05:00
"171",-425,"RLA496839S",1.627,2.955125,-0.346375,2019-08-28 23:05:00
"172",-621,"RLA496839S",1.627,2.9629375,-0.506115,2019-08-28 23:05:00
"173",-787,"RLA496839S",1.627,2.97075,-0.641405,2019-08-28 23:05:00
"174",-660,"RLA496839S",1.627,2.9785625,-0.5379,2019-08-28 23:05:00
"175",-340,"RLA496839S",1.627,2.986375,-0.2771,2019-08-28 23:05:00
"176",-260,"RLA496839S",1.627,2.9941875,-0.2119,2019-08-28 23:05:00
"177",-380,"RLA496839S",1.627,3.002,-0.3097,2019-08-28 23:05:00
"178",-392,"RLA496839S",1.627,3.0098125,-0.31948,2019-08-28 23:05:00
"179",-382,"RLA496839S",1.627,3.017625,-0.31133,2019-08-28 23:05:00
"180",-408,"RLA496839S",1.627,3.0254375,-0.33252,2019-08-28 23:05:00
"181",-413,"RLA496839S",1.627,3.03325,-0.336595,2019-08-28 23:05:00
"182",-404,"RLA496839S",1.627,3.0410625,-0.32926,2019-08-28 23:05:00
"183",-412,"RLA496839S",1.627,3.048875,-0.33578,2019-08-28 23:05:00
"184",-413,"RLA496839S",1.627,3.0566875,-0.336595,2019-08-28 23:05:00
"185",-419,"RLA496839S",1.627,3.0645,-0.341485,2019-08-28 23:05:00
"186",-415,"RLA496839S",1.627,3.0723125,-0.338225,2019-08-28 23:05:00
"187",-405,"RLA496839S",1.627,3.080125,-0.330075,2019-08-28 23:05:00
"188",-420,"RLA496839S",1.627,3.0879375,-0.3423,2019-08-28 23:05:00
"189",-426,"RLA496839S",1.627,3.09575,-0.34719,2019-08-28 23:05:00
"190",-426,"RLA496839S",1.627,3.1035625,-0.34719,2019-08-28 23:05:00
"191",-426,"RLA496839S",1.627,3.111375,-0.34719,2019-08-28 23:05:00
"192",-428,"RLA496839S",1.627,3.1191875,-0.34882,2019-08-28 23:05:00
"193",-438,"RLA496839S",1.627,3.127,-0.35697,2019-08-28 23:05:00
"194",-442,"RLA496839S",1.627,3.1348125,-0.36023,2019-08-28 23:05:00
"195",-444,"RLA496839S",1.627,3.142625,-0.36186,2019-08-28 23:05:00
"196",-446,"RLA496839S",1.627,3.1504375,-0.36349,2019-08-28 23:05:00
"197",-449,"RLA496839S",1.627,3.15825,-0.365935,2019-08-28 23:05:00
"198",-454,"RLA496839S",1.627,3.1660625,-0.37001,2019-08-28 23:05:00
"199",-445,"RLA496839S",1.627,3.173875,-0.362675,2019-08-28 23:05:00
"200",-409,"RLA496839S",1.627,3.1816875,-0.333335,2019-08-28 23:05:00
"201",-380,"RLA496839S",1.627,3.1895,-0.3097,2019-08-28 23:05:00
"202",-363,"RLA496839S",1.627,3.1973125,-0.295845,2019-08-28 23:05:00
"203",-359,"RLA496839S",1.627,3.205125,-0.292585,2019-08-28 23:05:00
"204",-353,"RLA496839S",1.627,3.2129375,-0.287695,2019-08-28 23:05:00
"205",-349,"RLA496839S",1.627,3.22075,-0.284435,2019-08-28 23:05:00
"206",-351,"RLA496839S",1.627,3.2285625,-0.286065,2019-08-28 23:05:00
"207",-351,"RLA496839S",1.627,3.236375,-0.286065,2019-08-28 23:05:00
"208",-354,"RLA496839S",1.627,3.2441875,-0.28851,2019-08-28 23:05:00
"209",-355,"RLA496839S",1.627,3.252,-0.289325,2019-08-28 23:05:00
"210",-355,"RLA496839S",1.627,3.2598125,-0.289325,2019-08-28 23:05:00
"211",-358,"RLA496839S",1.627,3.267625,-0.29177,2019-08-28 23:05:00
"212",-359,"RLA496839S",1.627,3.2754375,-0.292585,2019-08-28 23:05:00
"213",-360,"RLA496839S",1.627,3.28325,-0.2934,2019-08-28 23:05:00
"214",-361,"RLA496839S",1.627,3.2910625,-0.294215,2019-08-28 23:05:00
"215",-360,"RLA496839S",1.627,3.298875,-0.2934,2019-08-28 23:05:00
"216",-360,"RLA496839S",1.627,3.3066875,-0.2934,2019-08-28 23:05:00
"217",-360,"RLA496839S",1.627,3.3145,-0.2934,2019-08-28 23:05:00
"218",-361,"RLA496839S",1.627,3.3223125,-0.294215,2019-08-28 23:05:00
"219",-361,"RLA496839S",1.627,3.330125,-0.294215,2019-08-28 23:05:00
"220",-360,"RLA496839S",1.627,3.3379375,-0.2934,2019-08-28 23:05:00
"221",-359,"RLA496839S",1.627,3.34575,-0.292585,2019-08-28 23:05:00
"222",-359,"RLA496839S",1.627,3.3535625,-0.292585,2019-08-28 23:05:00
"223",-360,"RLA496839S",1.627,3.361375,-0.2934,2019-08-28 23:05:00
"224",-359,"RLA496839S",1.627,3.3691875,-0.292585,2019-08-28 23:05:00
"225",-359,"RLA496839S",1.627,3.377,-0.292585,2019-08-28 23:05:00
"226",-359,"RLA496839S",1.627,3.3848125,-0.292585,2019-08-28 23:05:00
"227",-359,"RLA496839S",1.627,3.392625,-0.292585,2019-08-28 23:05:00
"228",-359,"RLA496839S",1.627,3.4004375,-0.292585,2019-08-28 23:05:00
"229",-359,"RLA496839S",1.627,3.40825,-0.292585,2019-08-28 23:05:00
"230",-357,"RLA496839S",1.627,3.4160625,-0.290955,2019-08-28 23:05:00
"231",-356,"RLA496839S",1.627,3.423875,-0.29014,2019-08-28 23:05:00
"232",-359,"RLA496839S",1.627,3.4316875,-0.292585,2019-08-28 23:05:00
"233",-357,"RLA496839S",1.627,3.4395,-0.290955,2019-08-28 23:05:00
"234",-356,"RLA496839S",1.627,3.4473125,-0.29014,2019-08-28 23:05:00
"235",-359,"RLA496839S",1.627,3.455125,-0.292585,2019-08-28 23:05:00
"236",-362,"RLA496839S",1.627,3.4629375,-0.29503,2019-08-28 23:05:00
"237",-361,"RLA496839S",1.627,3.47075,-0.294215,2019-08-28 23:05:00
"238",-360,"RLA496839S",1.627,3.4785625,-0.2934,2019-08-28 23:05:00
"239",-362,"RLA496839S",1.627,3.486375,-0.29503,2019-08-28 23:05:00
"240",-362,"RLA496839S",1.627,3.4941875,-0.29503,2019-08-28 23:05:00
"241",-361,"RLA496839S",1.627,3.502,-0.294215,2019-08-28 23:05:00
"242",-361,"RLA496839S",1.627,3.5098125,-0.294215,2019-08-28 23:05:00
"243",-363,"RLA496839S",1.627,3.517625,-0.295845,2019-08-28 23:05:00
"244",-367,"RLA496839S",1.627,3.5254375,-0.299105,2019-08-28 23:05:00
"245",-368,"RLA496839S",1.627,3.53325,-0.29992,2019-08-28 23:05:00
"246",-369,"RLA496839S",1.627,3.5410625,-0.300735,2019-08-28 23:05:00
"247",-369,"RLA496839S",1.627,3.548875,-0.300735,2019-08-28 23:05:00
"248",-367,"RLA496839S",1.627,3.5566875,-0.299105,2019-08-28 23:05:00
"249",-379,"RLA496839S",1.627,3.5645,-0.308885,2019-08-28 23:05:00
"250",-393,"RLA496839S",1.627,3.5723125,-0.320295,2019-08-28 23:05:00
"251",-388,"RLA496839S",1.627,3.580125,-0.31622,2019-08-28 23:05:00
"252",-380,"RLA496839S",1.627,3.5879375,-0.3097,2019-08-28 23:05:00
"253",-373,"RLA496839S",1.627,3.59575,-0.303995,2019-08-28 23:05:00
"254",-363,"RLA496839S",1.627,3.6035625,-0.295845,2019-08-28 23:05:00
"255",-358,"RLA496839S",1.627,3.611375,-0.29177,2019-08-28 23:05:00
"256",-357,"RLA496839S",1.627,3.6191875,-0.290955,2019-08-28 23:05:00
"257",-356,"RLA496839S",1.627,3.627,-0.29014,2019-08-28 23:05:00
"258",-356,"RLA496839S",1.627,3.6348125,-0.29014,2019-08-28 23:05:00
"259",-355,"RLA496839S",1.627,3.642625,-0.289325,2019-08-28 23:05:00
"260",-354,"RLA496839S",1.627,3.6504375,-0.28851,2019-08-28 23:05:00
"261",-356,"RLA496839S",1.627,3.65825,-0.29014,2019-08-28 23:05:00
"262",-356,"RLA496839S",1.627,3.6660625,-0.29014,2019-08-28 23:05:00
"263",-350,"RLA496839S",1.627,3.673875,-0.28525,2019-08-28 23:05:00
"264",-389,"RLA496839S",1.627,3.6816875,-0.317035,2019-08-28 23:05:00
"265",-563,"RLA496839S",1.627,3.6895,-0.458845,2019-08-28 23:05:00
"266",-802,"RLA496839S",1.627,3.6973125,-0.65363,2019-08-28 23:05:00
"267",-779,"RLA496839S",1.627,3.705125,-0.634885,2019-08-28 23:05:00
"268",-407,"RLA496839S",1.627,3.7129375,-0.331705,2019-08-28 23:05:00
"269",-224,"RLA496839S",1.627,3.72075,-0.18256,2019-08-28 23:05:00
"270",-355,"RLA496839S",1.627,3.7285625,-0.289325,2019-08-28 23:05:00
"271",-422,"RLA496839S",1.627,3.736375,-0.34393,2019-08-28 23:05:00
"272",-380,"RLA496839S",1.627,3.7441875,-0.3097,2019-08-28 23:05:00
"273",-387,"RLA496839S",1.627,3.752,-0.315405,2019-08-28 23:05:00
"274",-399,"RLA496839S",1.627,3.7598125,-0.325185,2019-08-28 23:05:00
"275",-397,"RLA496839S",1.627,3.767625,-0.323555,2019-08-28 23:05:00
"276",-409,"RLA496839S",1.627,3.7754375,-0.333335,2019-08-28 23:05:00
"277",-405,"RLA496839S",1.627,3.78325,-0.330075,2019-08-28 23:05:00
"278",-397,"RLA496839S",1.627,3.7910625,-0.323555,2019-08-28 23:05:00
"279",-411,"RLA496839S",1.627,3.798875,-0.334965,2019-08-28 23:05:00
"280",-411,"RLA496839S",1.627,3.8066875,-0.334965,2019-08-28 23:05:00
"281",-412,"RLA496839S",1.627,3.8145,-0.33578,2019-08-28 23:05:00
"282",-414,"RLA496839S",1.627,3.8223125,-0.33741,2019-08-28 23:05:00
"283",-419,"RLA496839S",1.627,3.830125,-0.341485,2019-08-28 23:05:00
"284",-423,"RLA496839S",1.627,3.8379375,-0.344745,2019-08-28 23:05:00
"285",-423,"RLA496839S",1.627,3.84575,-0.344745,2019-08-28 23:05:00
"286",-431,"RLA496839S",1.627,3.8535625,-0.351265,2019-08-28 23:05:00
"287",-433,"RLA496839S",1.627,3.861375,-0.352895,2019-08-28 23:05:00
"288",-432,"RLA496839S",1.627,3.8691875,-0.35208,2019-08-28 23:05:00
"289",-438,"RLA496839S",1.627,3.877,-0.35697,2019-08-28 23:05:00
"290",-445,"RLA496839S",1.627,3.8848125,-0.362675,2019-08-28 23:05:00
"291",-445,"RLA496839S",1.627,3.892625,-0.362675,2019-08-28 23:05:00
"292",-425,"RLA496839S",1.627,3.9004375,-0.346375,2019-08-28 23:05:00
"293",-391,"RLA496839S",1.627,3.90825,-0.318665,2019-08-28 23:05:00
"294",-366,"RLA496839S",1.627,3.9160625,-0.29829,2019-08-28 23:05:00
"295",-352,"RLA496839S",1.627,3.923875,-0.28688,2019-08-28 23:05:00
"296",-349,"RLA496839S",1.627,3.9316875,-0.284435,2019-08-28 23:05:00
"297",-347,"RLA496839S",1.627,3.9395,-0.282805,2019-08-28 23:05:00
"298",-345,"RLA496839S",1.627,3.9473125,-0.281175,2019-08-28 23:05:00
"299",-346,"RLA496839S",1.627,3.955125,-0.28199,2019-08-28 23:05:00
"300",-345,"RLA496839S",1.627,3.9629375,-0.281175,2019-08-28 23:05:00
"301",-347,"RLA496839S",1.627,3.97075,-0.282805,2019-08-28 23:05:00
"302",-347,"RLA496839S",1.627,3.9785625,-0.282805,2019-08-28 23:05:00
"303",-344,"RLA496839S",1.627,3.986375,-0.28036,2019-08-28 23:05:00
"304",-346,"RLA496839S",1.627,3.9941875,-0.28199,2019-08-28 23:05:00
"305",-349,"RLA496839S",1.627,4.002,-0.284435,2019-08-28 23:05:00
"306",-354,"RLA496839S",1.627,4.0098125,-0.28851,2019-08-28 23:05:00
"307",-357,"RLA496839S",1.627,4.017625,-0.290955,2019-08-28 23:05:00
"308",-355,"RLA496839S",1.627,4.0254375,-0.289325,2019-08-28 23:05:00
"309",-354,"RLA496839S",1.627,4.03325,-0.28851,2019-08-28 23:05:00
"310",-355,"RLA496839S",1.627,4.0410625,-0.289325,2019-08-28 23:05:00
"311",-355,"RLA496839S",1.627,4.048875,-0.289325,2019-08-28 23:05:00
"312",-353,"RLA496839S",1.627,4.0566875,-0.287695,2019-08-28 23:05:00
"313",-353,"RLA496839S",1.627,4.0645,-0.287695,2019-08-28 23:05:00
"314",-352,"RLA496839S",1.627,4.0723125,-0.28688,2019-08-28 23:05:00
"315",-351,"RLA496839S",1.627,4.080125,-0.286065,2019-08-28 23:05:00
"316",-351,"RLA496839S",1.627,4.0879375,-0.286065,2019-08-28 23:05:00
"317",-351,"RLA496839S",1.627,4.09575,-0.286065,2019-08-28 23:05:00
"318",-354,"RLA496839S",1.627,4.1035625,-0.28851,2019-08-28 23:05:00
"319",-357,"RLA496839S",1.627,4.111375,-0.290955,2019-08-28 23:05:00
"320",-352,"RLA496839S",1.627,4.1191875,-0.28688,2019-08-28 23:05:00
"321",-350,"RLA496839S",1.627,4.127,-0.28525,2019-08-28 23:05:00
"322",-354,"RLA496839S",1.627,4.1348125,-0.28851,2019-08-28 23:05:00
"323",-352,"RLA496839S",1.627,4.142625,-0.28688,2019-08-28 23:05:00
"324",-350,"RLA496839S",1.627,4.1504375,-0.28525,2019-08-28 23:05:00
"325",-355,"RLA496839S",1.627,4.15825,-0.289325,2019-08-28 23:05:00
"326",-361,"RLA496839S",1.627,4.1660625,-0.294215,2019-08-28 23:05:00
"327",-362,"RLA496839S",1.627,4.173875,-0.29503,2019-08-28 23:05:00
"328",-361,"RLA496839S",1.627,4.1816875,-0.294215,2019-08-28 23:05:00
"329",-372,"RLA496839S",1.627,4.1895,-0.30318,2019-08-28 23:05:00
"330",-385,"RLA496839S",1.627,4.1973125,-0.313775,2019-08-28 23:05:00
"331",-383,"RLA496839S",1.627,4.205125,-0.312145,2019-08-28 23:05:00
"332",-373,"RLA496839S",1.627,4.2129375,-0.303995,2019-08-28 23:05:00
"333",-361,"RLA496839S",1.627,4.22075,-0.294215,2019-08-28 23:05:00
"334",-355,"RLA496839S",1.627,4.2285625,-0.289325,2019-08-28 23:05:00
"335",-353,"RLA496839S",1.627,4.236375,-0.287695,2019-08-28 23:05:00
"336",-348,"RLA496839S",1.627,4.2441875,-0.28362,2019-08-28 23:05:00
"337",-347,"RLA496839S",1.627,4.252,-0.282805,2019-08-28 23:05:00
"338",-350,"RLA496839S",1.627,4.2598125,-0.28525,2019-08-28 23:05:00
"339",-346,"RLA496839S",1.627,4.267625,-0.28199,2019-08-28 23:05:00
"340",-343,"RLA496839S",1.627,4.2754375,-0.279545,2019-08-28 23:05:00
"341",-344,"RLA496839S",1.627,4.28325,-0.28036,2019-08-28 23:05:00
"342",-343,"RLA496839S",1.627,4.2910625,-0.279545,2019-08-28 23:05:00
"343",-349,"RLA496839S",1.627,4.298875,-0.284435,2019-08-28 23:05:00
"344",-506,"RLA496839S",1.627,4.3066875,-0.41239,2019-08-28 23:05:00
"345",-758,"RLA496839S",1.627,4.3145,-0.61777,2019-08-28 23:05:00
"346",-797,"RLA496839S",1.627,4.3223125,-0.649555,2019-08-28 23:05:00
"347",-446,"RLA496839S",1.627,4.330125,-0.36349,2019-08-28 23:05:00
"348",-189,"RLA496839S",1.627,4.3379375,-0.154035,2019-08-28 23:05:00
"349",-283,"RLA496839S",1.627,4.34575,-0.230645,2019-08-28 23:05:00
"350",-397,"RLA496839S",1.627,4.3535625,-0.323555,2019-08-28 23:05:00
"351",-383,"RLA496839S",1.627,4.361375,-0.312145,2019-08-28 23:05:00
"352",-379,"RLA496839S",1.627,4.3691875,-0.308885,2019-08-28 23:05:00
"353",-388,"RLA496839S",1.627,4.377,-0.31622,2019-08-28 23:05:00
"354",-385,"RLA496839S",1.627,4.3848125,-0.313775,2019-08-28 23:05:00
"355",-401,"RLA496839S",1.627,4.392625,-0.326815,2019-08-28 23:05:00
"356",-409,"RLA496839S",1.627,4.4004375,-0.333335,2019-08-28 23:05:00
"357",-401,"RLA496839S",1.627,4.40825,-0.326815,2019-08-28 23:05:00
"358",-404,"RLA496839S",1.627,4.4160625,-0.32926,2019-08-28 23:05:00
"359",-402,"RLA496839S",1.627,4.423875,-0.32763,2019-08-28 23:05:00
"360",-414,"RLA496839S",1.627,4.4316875,-0.33741,2019-08-28 23:05:00
"361",-413,"RLA496839S",1.627,4.4395,-0.336595,2019-08-28 23:05:00
"362",-405,"RLA496839S",1.627,4.4473125,-0.330075,2019-08-28 23:05:00
"363",-417,"RLA496839S",1.627,4.455125,-0.339855,2019-08-28 23:05:00
"364",-421,"RLA496839S",1.627,4.4629375,-0.343115,2019-08-28 23:05:00
"365",-423,"RLA496839S",1.627,4.47075,-0.344745,2019-08-28 23:05:00
"366",-431,"RLA496839S",1.627,4.4785625,-0.351265,2019-08-28 23:05:00
"367",-430,"RLA496839S",1.627,4.486375,-0.35045,2019-08-28 23:05:00
"368",-432,"RLA496839S",1.627,4.4941875,-0.35208,2019-08-28 23:05:00
"369",-436,"RLA496839S",1.627,4.502,-0.35534,2019-08-28 23:05:00
"370",-437,"RLA496839S",1.627,4.5098125,-0.356155,2019-08-28 23:05:00
"371",-430,"RLA496839S",1.627,4.517625,-0.35045,2019-08-28 23:05:00
"372",-399,"RLA496839S",1.627,4.5254375,-0.325185,2019-08-28 23:05:00
"373",-364,"RLA496839S",1.627,4.53325,-0.29666,2019-08-28 23:05:00
"374",-348,"RLA496839S",1.627,4.5410625,-0.28362,2019-08-28 23:05:00
"375",-345,"RLA496839S",1.627,4.548875,-0.281175,2019-08-28 23:05:00
"376",-341,"RLA496839S",1.627,4.5566875,-0.277915,2019-08-28 23:05:00
"377",-338,"RLA496839S",1.627,4.5645,-0.27547,2019-08-28 23:05:00
"378",-339,"RLA496839S",1.627,4.5723125,-0.276285,2019-08-28 23:05:00
"379",-338,"RLA496839S",1.627,4.580125,-0.27547,2019-08-28 23:05:00
"380",-339,"RLA496839S",1.627,4.5879375,-0.276285,2019-08-28 23:05:00
"381",-340,"RLA496839S",1.627,4.59575,-0.2771,2019-08-28 23:05:00
"382",-342,"RLA496839S",1.627,4.6035625,-0.27873,2019-08-28 23:05:00
"383",-348,"RLA496839S",1.627,4.611375,-0.28362,2019-08-28 23:05:00
"384",-352,"RLA496839S",1.627,4.6191875,-0.28688,2019-08-28 23:05:00
"385",-350,"RLA496839S",1.627,4.627,-0.28525,2019-08-28 23:05:00
"386",-352,"RLA496839S",1.627,4.6348125,-0.28688,2019-08-28 23:05:00
"387",-353,"RLA496839S",1.627,4.642625,-0.287695,2019-08-28 23:05:00
"388",-351,"RLA496839S",1.627,4.6504375,-0.286065,2019-08-28 23:05:00
"389",-350,"RLA496839S",1.627,4.65825,-0.28525,2019-08-28 23:05:00
"390",-353,"RLA496839S",1.627,4.6660625,-0.287695,2019-08-28 23:05:00
"391",-353,"RLA496839S",1.627,4.673875,-0.287695,2019-08-28 23:05:00
"392",-348,"RLA496839S",1.627,4.6816875,-0.28362,2019-08-28 23:05:00
"393",-350,"RLA496839S",1.627,4.6895,-0.28525,2019-08-28 23:05:00
"394",-353,"RLA496839S",1.627,4.6973125,-0.287695,2019-08-28 23:05:00
"395",-352,"RLA496839S",1.627,4.705125,-0.28688,2019-08-28 23:05:00
"396",-353,"RLA496839S",1.627,4.7129375,-0.287695,2019-08-28 23:05:00
"397",-354,"RLA496839S",1.627,4.72075,-0.28851,2019-08-28 23:05:00
"398",-352,"RLA496839S",1.627,4.7285625,-0.28688,2019-08-28 23:05:00
"399",-352,"RLA496839S",1.627,4.736375,-0.28688,2019-08-28 23:05:00
"400",-352,"RLA496839S",1.627,4.7441875,-0.28688,2019-08-28 23:05:00
"401",-352,"RLA496839S",1.627,4.752,-0.28688,2019-08-28 23:05:00
"402",-355,"RLA496839S",1.627,4.7598125,-0.289325,2019-08-28 23:05:00
"403",-356,"RLA496839S",1.627,4.767625,-0.29014,2019-08-28 23:05:00
"404",-356,"RLA496839S",1.627,4.7754375,-0.29014,2019-08-28 23:05:00
"405",-357,"RLA496839S",1.627,4.78325,-0.290955,2019-08-28 23:05:00
"406",-360,"RLA496839S",1.627,4.7910625,-0.2934,2019-08-28 23:05:00
"407",-364,"RLA496839S",1.627,4.798875,-0.29666,2019-08-28 23:05:00
"408",-366,"RLA496839S",1.627,4.8066875,-0.29829,2019-08-28 23:05:00
"409",-366,"RLA496839S",1.627,4.8145,-0.29829,2019-08-28 23:05:00
"410",-366,"RLA496839S",1.627,4.8223125,-0.29829,2019-08-28 23:05:00
"411",-375,"RLA496839S",1.627,4.830125,-0.305625,2019-08-28 23:05:00
"412",-392,"RLA496839S",1.627,4.8379375,-0.31948,2019-08-28 23:05:00
"413",-395,"RLA496839S",1.627,4.84575,-0.321925,2019-08-28 23:05:00
"414",-384,"RLA496839S",1.627,4.8535625,-0.31296,2019-08-28 23:05:00
"415",-372,"RLA496839S",1.627,4.861375,-0.30318,2019-08-28 23:05:00
"416",-364,"RLA496839S",1.627,4.8691875,-0.29666,2019-08-28 23:05:00
"417",-358,"RLA496839S",1.627,4.877,-0.29177,2019-08-28 23:05:00
"418",-358,"RLA496839S",1.627,4.8848125,-0.29177,2019-08-28 23:05:00
"419",-359,"RLA496839S",1.627,4.892625,-0.292585,2019-08-28 23:05:00
"420",-355,"RLA496839S",1.627,4.9004375,-0.289325,2019-08-28 23:05:00
"421",-352,"RLA496839S",1.627,4.90825,-0.28688,2019-08-28 23:05:00
"422",-353,"RLA496839S",1.627,4.9160625,-0.287695,2019-08-28 23:05:00
"423",-353,"RLA496839S",1.627,4.923875,-0.287695,2019-08-28 23:05:00
"424",-355,"RLA496839S",1.627,4.9316875,-0.289325,2019-08-28 23:05:00
"425",-352,"RLA496839S",1.627,4.9395,-0.28688,2019-08-28 23:05:00
"426",-353,"RLA496839S",1.627,4.9473125,-0.287695,2019-08-28 23:05:00
"427",-454,"RLA496839S",1.627,4.955125,-0.37001,2019-08-28 23:05:00
"428",-702,"RLA496839S",1.627,4.9629375,-0.57213,2019-08-28 23:05:00
"429",-822,"RLA496839S",1.627,4.97075,-0.66993,2019-08-28 23:05:00
"430",-574,"RLA496839S",1.627,4.9785625,-0.46781,2019-08-28 23:05:00
"431",-257,"RLA496839S",1.627,4.986375,-0.209455,2019-08-28 23:05:00
"432",-268,"RLA496839S",1.627,4.9941875,-0.21842,2019-08-28 23:05:00
"433",-388,"RLA496839S",1.627,5.002,-0.31622,2019-08-28 23:05:00
"434",-397,"RLA496839S",1.627,5.0098125,-0.323555,2019-08-28 23:05:00
"435",-384,"RLA496839S",1.627,5.017625,-0.31296,2019-08-28 23:05:00
"436",-396,"RLA496839S",1.627,5.0254375,-0.32274,2019-08-28 23:05:00
"437",-399,"RLA496839S",1.627,5.03325,-0.325185,2019-08-28 23:05:00
"438",-400,"RLA496839S",1.627,5.0410625,-0.326,2019-08-28 23:05:00
"439",-406,"RLA496839S",1.627,5.048875,-0.33089,2019-08-28 23:05:00
"440",-406,"RLA496839S",1.627,5.0566875,-0.33089,2019-08-28 23:05:00
"441",-418,"RLA496839S",1.627,5.0645,-0.34067,2019-08-28 23:05:00
"442",-413,"RLA496839S",1.627,5.0723125,-0.336595,2019-08-28 23:05:00
"443",-404,"RLA496839S",1.627,5.080125,-0.32926,2019-08-28 23:05:00
"444",-421,"RLA496839S",1.627,5.0879375,-0.343115,2019-08-28 23:05:00
"445",-425,"RLA496839S",1.627,5.09575,-0.346375,2019-08-28 23:05:00
"446",-427,"RLA496839S",1.627,5.1035625,-0.348005,2019-08-28 23:05:00
"447",-430,"RLA496839S",1.627,5.111375,-0.35045,2019-08-28 23:05:00
"448",-433,"RLA496839S",1.627,5.1191875,-0.352895,2019-08-28 23:05:00
"449",-440,"RLA496839S",1.627,5.127,-0.3586,2019-08-28 23:05:00
"450",-438,"RLA496839S",1.627,5.1348125,-0.35697,2019-08-28 23:05:00
"451",-440,"RLA496839S",1.627,5.142625,-0.3586,2019-08-28 23:05:00
"452",-445,"RLA496839S",1.627,5.1504375,-0.362675,2019-08-28 23:05:00
"453",-450,"RLA496839S",1.627,5.15825,-0.36675,2019-08-28 23:05:00
"454",-446,"RLA496839S",1.627,5.1660625,-0.36349,2019-08-28 23:05:00
"455",-419,"RLA496839S",1.627,5.173875,-0.341485,2019-08-28 23:05:00
"456",-380,"RLA496839S",1.627,5.1816875,-0.3097,2019-08-28 23:05:00
"457",-362,"RLA496839S",1.627,5.1895,-0.29503,2019-08-28 23:05:00
"458",-352,"RLA496839S",1.627,5.1973125,-0.28688,2019-08-28 23:05:00
"459",-350,"RLA496839S",1.627,5.205125,-0.28525,2019-08-28 23:05:00
"460",-347,"RLA496839S",1.627,5.2129375,-0.282805,2019-08-28 23:05:00
"461",-348,"RLA496839S",1.627,5.22075,-0.28362,2019-08-28 23:05:00
"462",-349,"RLA496839S",1.627,5.2285625,-0.284435,2019-08-28 23:05:00
"463",-349,"RLA496839S",1.627,5.236375,-0.284435,2019-08-28 23:05:00
"464",-352,"RLA496839S",1.627,5.2441875,-0.28688,2019-08-28 23:05:00
"465",-354,"RLA496839S",1.627,5.252,-0.28851,2019-08-28 23:05:00
"466",-354,"RLA496839S",1.627,5.2598125,-0.28851,2019-08-28 23:05:00
"467",-355,"RLA496839S",1.627,5.267625,-0.289325,2019-08-28 23:05:00
"468",-354,"RLA496839S",1.627,5.2754375,-0.28851,2019-08-28 23:05:00
"469",-355,"RLA496839S",1.627,5.28325,-0.289325,2019-08-28 23:05:00
"470",-356,"RLA496839S",1.627,5.2910625,-0.29014,2019-08-28 23:05:00
"471",-357,"RLA496839S",1.627,5.298875,-0.290955,2019-08-28 23:05:00
"472",-359,"RLA496839S",1.627,5.3066875,-0.292585,2019-08-28 23:05:00
"473",-356,"RLA496839S",1.627,5.3145,-0.29014,2019-08-28 23:05:00
"474",-355,"RLA496839S",1.627,5.3223125,-0.289325,2019-08-28 23:05:00
"475",-356,"RLA496839S",1.627,5.330125,-0.29014,2019-08-28 23:05:00
"476",-355,"RLA496839S",1.627,5.3379375,-0.289325,2019-08-28 23:05:00
"477",-355,"RLA496839S",1.627,5.34575,-0.289325,2019-08-28 23:05:00
"478",-355,"RLA496839S",1.627,5.3535625,-0.289325,2019-08-28 23:05:00
"479",-354,"RLA496839S",1.627,5.361375,-0.28851,2019-08-28 23:05:00
"480",-355,"RLA496839S",1.627,5.3691875,-0.289325,2019-08-28 23:05:00
"481",-354,"RLA496839S",1.627,5.377,-0.28851,2019-08-28 23:05:00
"482",-356,"RLA496839S",1.627,5.3848125,-0.29014,2019-08-28 23:05:00
"483",-358,"RLA496839S",1.627,5.392625,-0.29177,2019-08-28 23:05:00
"484",-356,"RLA496839S",1.627,5.4004375,-0.29014,2019-08-28 23:05:00
"485",-356,"RLA496839S",1.627,5.40825,-0.29014,2019-08-28 23:05:00
"486",-358,"RLA496839S",1.627,5.4160625,-0.29177,2019-08-28 23:05:00
"487",-356,"RLA496839S",1.627,5.423875,-0.29014,2019-08-28 23:05:00
"488",-356,"RLA496839S",1.627,5.4316875,-0.29014,2019-08-28 23:05:00
"489",-360,"RLA496839S",1.627,5.4395,-0.2934,2019-08-28 23:05:00
"490",-360,"RLA496839S",1.627,5.4473125,-0.2934,2019-08-28 23:05:00
"491",-359,"RLA496839S",1.627,5.455125,-0.292585,2019-08-28 23:05:00
"492",-359,"RLA496839S",1.627,5.4629375,-0.292585,2019-08-28 23:05:00
"493",-360,"RLA496839S",1.627,5.47075,-0.2934,2019-08-28 23:05:00
"494",-360,"RLA496839S",1.627,5.4785625,-0.2934,2019-08-28 23:05:00
"495",-361,"RLA496839S",1.627,5.486375,-0.294215,2019-08-28 23:05:00
"496",-359,"RLA496839S",1.627,5.4941875,-0.292585,2019-08-28 23:05:00
"497",-357,"RLA496839S",1.627,5.502,-0.290955,2019-08-28 23:05:00
"498",-360,"RLA496839S",1.627,5.5098125,-0.2934,2019-08-28 23:05:00
"499",-364,"RLA496839S",1.627,5.517625,-0.29666,2019-08-28 23:05:00
"500",-365,"RLA496839S",1.627,5.5254375,-0.297475,2019-08-28 23:05:00
"501",-363,"RLA496839S",1.627,5.53325,-0.295845,2019-08-28 23:05:00
"502",-362,"RLA496839S",1.627,5.5410625,-0.29503,2019-08-28 23:05:00
"503",-363,"RLA496839S",1.627,5.548875,-0.295845,2019-08-28 23:05:00
"504",-365,"RLA496839S",1.627,5.5566875,-0.297475,2019-08-28 23:05:00
"505",-365,"RLA496839S",1.627,5.5645,-0.297475,2019-08-28 23:05:00
"506",-363,"RLA496839S",1.627,5.5723125,-0.295845,2019-08-28 23:05:00
"507",-365,"RLA496839S",1.627,5.580125,-0.297475,2019-08-28 23:05:00
"508",-368,"RLA496839S",1.627,5.5879375,-0.29992,2019-08-28 23:05:00
"509",-366,"RLA496839S",1.627,5.59575,-0.29829,2019-08-28 23:05:00
"510",-365,"RLA496839S",1.627,5.6035625,-0.297475,2019-08-28 23:05:00
"511",-368,"RLA496839S",1.627,5.611375,-0.29992,2019-08-28 23:05:00
"512",-369,"RLA496839S",1.627,5.6191875,-0.300735,2019-08-28 23:05:00
"513",-367,"RLA496839S",1.627,5.627,-0.299105,2019-08-28 23:05:00
"514",-365,"RLA496839S",1.627,5.6348125,-0.297475,2019-08-28 23:05:00
"515",-367,"RLA496839S",1.627,5.642625,-0.299105,2019-08-28 23:05:00
"516",-368,"RLA496839S",1.627,5.6504375,-0.29992,2019-08-28 23:05:00
"517",-368,"RLA496839S",1.627,5.65825,-0.29992,2019-08-28 23:05:00
"518",-368,"RLA496839S",1.627,5.6660625,-0.29992,2019-08-28 23:05:00
"519",-370,"RLA496839S",1.627,5.673875,-0.30155,2019-08-28 23:05:00
"520",-370,"RLA496839S",1.627,5.6816875,-0.30155,2019-08-28 23:05:00
"521",-368,"RLA496839S",1.627,5.6895,-0.29992,2019-08-28 23:05:00
"522",-366,"RLA496839S",1.627,5.6973125,-0.29829,2019-08-28 23:05:00
"523",-367,"RLA496839S",1.627,5.705125,-0.299105,2019-08-28 23:05:00
"524",-372,"RLA496839S",1.627,5.7129375,-0.30318,2019-08-28 23:05:00
"525",-373,"RLA496839S",1.627,5.72075,-0.303995,2019-08-28 23:05:00
"526",-371,"RLA496839S",1.627,5.7285625,-0.302365,2019-08-28 23:05:00
"527",-369,"RLA496839S",1.627,5.736375,-0.300735,2019-08-28 23:05:00
"528",-372,"RLA496839S",1.627,5.7441875,-0.30318,2019-08-28 23:05:00
"529",-372,"RLA496839S",1.627,5.752,-0.30318,2019-08-28 23:05:00
"530",-369,"RLA496839S",1.627,5.7598125,-0.300735,2019-08-28 23:05:00
"531",-371,"RLA496839S",1.627,5.767625,-0.302365,2019-08-28 23:05:00
"532",-375,"RLA496839S",1.627,5.7754375,-0.305625,2019-08-28 23:05:00
"533",-376,"RLA496839S",1.627,5.78325,-0.30644,2019-08-28 23:05:00
"534",-376,"RLA496839S",1.627,5.7910625,-0.30644,2019-08-28 23:05:00
"535",-376,"RLA496839S",1.627,5.798875,-0.30644,2019-08-28 23:05:00
"536",-374,"RLA496839S",1.627,5.8066875,-0.30481,2019-08-28 23:05:00
"537",-374,"RLA496839S",1.627,5.8145,-0.30481,2019-08-28 23:05:00
"538",-374,"RLA496839S",1.627,5.8223125,-0.30481,2019-08-28 23:05:00
"539",-375,"RLA496839S",1.627,5.830125,-0.305625,2019-08-28 23:05:00
"540",-378,"RLA496839S",1.627,5.8379375,-0.30807,2019-08-28 23:05:00
"541",-376,"RLA496839S",1.627,5.84575,-0.30644,2019-08-28 23:05:00
"542",-374,"RLA496839S",1.627,5.8535625,-0.30481,2019-08-28 23:05:00
"543",-375,"RLA496839S",1.627,5.861375,-0.305625,2019-08-28 23:05:00
"544",-375,"RLA496839S",1.627,5.8691875,-0.305625,2019-08-28 23:05:00
"545",-376,"RLA496839S",1.627,5.877,-0.30644,2019-08-28 23:05:00
"546",-378,"RLA496839S",1.627,5.8848125,-0.30807,2019-08-28 23:05:00
"547",-378,"RLA496839S",1.627,5.892625,-0.30807,2019-08-28 23:05:00
"548",-375,"RLA496839S",1.627,5.9004375,-0.305625,2019-08-28 23:05:00
"549",-376,"RLA496839S",1.627,5.90825,-0.30644,2019-08-28 23:05:00
"550",-380,"RLA496839S",1.627,5.9160625,-0.3097,2019-08-28 23:05:00
"551",-379,"RLA496839S",1.627,5.923875,-0.308885,2019-08-28 23:05:00
"552",-376,"RLA496839S",1.627,5.9316875,-0.30644,2019-08-28 23:05:00
"553",-377,"RLA496839S",1.627,5.9395,-0.307255,2019-08-28 23:05:00
"554",-377,"RLA496839S",1.627,5.9473125,-0.307255,2019-08-28 23:05:00
"555",-377,"RLA496839S",1.627,5.955125,-0.307255,2019-08-28 23:05:00
"556",-379,"RLA496839S",1.627,5.9629375,-0.308885,2019-08-28 23:05:00
"557",-381,"RLA496839S",1.627,5.97075,-0.310515,2019-08-28 23:05:00
"558",-379,"RLA496839S",1.627,5.9785625,-0.308885,2019-08-28 23:05:00
"559",-379,"RLA496839S",1.627,5.986375,-0.308885,2019-08-28 23:05:00
"560",-380,"RLA496839S",1.627,5.9941875,-0.3097,2019-08-28 23:05:00
"561",-379,"RLA496839S",1.627,6.002,-0.308885,2019-08-28 23:05:00
"562",-378,"RLA496839S",1.627,6.0098125,-0.30807,2019-08-28 23:05:00
"563",-378,"RLA496839S",1.627,6.017625,-0.30807,2019-08-28 23:05:00
"564",-381,"RLA496839S",1.627,6.0254375,-0.310515,2019-08-28 23:05:00
"565",-381,"RLA496839S",1.627,6.03325,-0.310515,2019-08-28 23:05:00
"566",-379,"RLA496839S",1.627,6.0410625,-0.308885,2019-08-28 23:05:00
"567",-380,"RLA496839S",1.627,6.048875,-0.3097,2019-08-28 23:05:00
"568",-381,"RLA496839S",1.627,6.0566875,-0.310515,2019-08-28 23:05:00
"569",-378,"RLA496839S",1.627,6.0645,-0.30807,2019-08-28 23:05:00
"570",-376,"RLA496839S",1.627,6.0723125,-0.30644,2019-08-28 23:05:00
"571",-378,"RLA496839S",1.627,6.080125,-0.30807,2019-08-28 23:05:00
"572",-379,"RLA496839S",1.627,6.0879375,-0.308885,2019-08-28 23:05:00
"573",-377,"RLA496839S",1.627,6.09575,-0.307255,2019-08-28 23:05:00
"574",-380,"RLA496839S",1.627,6.1035625,-0.3097,2019-08-28 23:05:00
"575",-383,"RLA496839S",1.627,6.111375,-0.312145,2019-08-28 23:05:00
"576",-382,"RLA496839S",1.627,6.1191875,-0.31133,2019-08-28 23:05:00
"577",-382,"RLA496839S",1.627,6.127,-0.31133,2019-08-28 23:05:00
"578",-383,"RLA496839S",1.627,6.1348125,-0.312145,2019-08-28 23:05:00
"579",-382,"RLA496839S",1.627,6.142625,-0.31133,2019-08-28 23:05:00
"580",-382,"RLA496839S",1.627,6.1504375,-0.31133,2019-08-28 23:05:00
"581",-383,"RLA496839S",1.627,6.15825,-0.312145,2019-08-28 23:05:00
"582",-383,"RLA496839S",1.627,6.1660625,-0.312145,2019-08-28 23:05:00
"583",-383,"RLA496839S",1.627,6.173875,-0.312145,2019-08-28 23:05:00
"584",-382,"RLA496839S",1.627,6.1816875,-0.31133,2019-08-28 23:05:00
"585",-382,"RLA496839S",1.627,6.1895,-0.31133,2019-08-28 23:05:00
"586",-381,"RLA496839S",1.627,6.1973125,-0.310515,2019-08-28 23:05:00
"587",-381,"RLA496839S",1.627,6.205125,-0.310515,2019-08-28 23:05:00
"588",-381,"RLA496839S",1.627,6.2129375,-0.310515,2019-08-28 23:05:00
"589",-381,"RLA496839S",1.627,6.22075,-0.310515,2019-08-28 23:05:00
"590",-383,"RLA496839S",1.627,6.2285625,-0.312145,2019-08-28 23:05:00
"591",-383,"RLA496839S",1.627,6.236375,-0.312145,2019-08-28 23:05:00
"592",-383,"RLA496839S",1.627,6.2441875,-0.312145,2019-08-28 23:05:00
"593",-384,"RLA496839S",1.627,6.252,-0.31296,2019-08-28 23:05:00
"594",-382,"RLA496839S",1.627,6.2598125,-0.31133,2019-08-28 23:05:00
"595",-382,"RLA496839S",1.627,6.267625,-0.31133,2019-08-28 23:05:00
"596",-386,"RLA496839S",1.627,6.2754375,-0.31459,2019-08-28 23:05:00
"597",-386,"RLA496839S",1.627,6.28325,-0.31459,2019-08-28 23:05:00
"598",-387,"RLA496839S",1.627,6.2910625,-0.315405,2019-08-28 23:05:00
"599",-397,"RLA496839S",1.627,6.298875,-0.323555,2019-08-28 23:05:00
"600",-403,"RLA496839S",1.627,6.3066875,-0.328445,2019-08-28 23:05:00
"601",-404,"RLA496839S",1.627,6.3145,-0.32926,2019-08-28 23:05:00
"602",-401,"RLA496839S",1.627,6.3223125,-0.326815,2019-08-28 23:05:00
"603",-395,"RLA496839S",1.627,6.330125,-0.321925,2019-08-28 23:05:00
"604",-388,"RLA496839S",1.627,6.3379375,-0.31622,2019-08-28 23:05:00
"605",-381,"RLA496839S",1.627,6.34575,-0.310515,2019-08-28 23:05:00
"606",-376,"RLA496839S",1.627,6.3535625,-0.30644,2019-08-28 23:05:00
"607",-375,"RLA496839S",1.627,6.361375,-0.305625,2019-08-28 23:05:00
"608",-375,"RLA496839S",1.627,6.3691875,-0.305625,2019-08-28 23:05:00
"609",-373,"RLA496839S",1.627,6.377,-0.303995,2019-08-28 23:05:00
"610",-372,"RLA496839S",1.627,6.3848125,-0.30318,2019-08-28 23:05:00
"611",-371,"RLA496839S",1.627,6.392625,-0.302365,2019-08-28 23:05:00
"612",-372,"RLA496839S",1.627,6.4004375,-0.30318,2019-08-28 23:05:00
"613",-374,"RLA496839S",1.627,6.40825,-0.30481,2019-08-28 23:05:00
"614",-374,"RLA496839S",1.627,6.4160625,-0.30481,2019-08-28 23:05:00
"615",-371,"RLA496839S",1.627,6.423875,-0.302365,2019-08-28 23:05:00
"616",-456,"RLA496839S",1.627,6.4316875,-0.37164,2019-08-28 23:05:00
"617",-671,"RLA496839S",1.627,6.4395,-0.546865,2019-08-28 23:05:00
"618",-795,"RLA496839S",1.627,6.4473125,-0.647925,2019-08-28 23:05:00
"619",-600,"RLA496839S",1.627,6.455125,-0.489,2019-08-28 23:05:00
"620",-316,"RLA496839S",1.627,6.4629375,-0.25754,2019-08-28 23:05:00
"621",-283,"RLA496839S",1.627,6.47075,-0.230645,2019-08-28 23:05:00
"622",-387,"RLA496839S",1.627,6.4785625,-0.315405,2019-08-28 23:05:00
"623",-395,"RLA496839S",1.627,6.486375,-0.321925,2019-08-28 23:05:00
"624",-386,"RLA496839S",1.627,6.4941875,-0.31459,2019-08-28 23:05:00
"625",-405,"RLA496839S",1.627,6.502,-0.330075,2019-08-28 23:05:00
"626",-404,"RLA496839S",1.627,6.5098125,-0.32926,2019-08-28 23:05:00
"627",-405,"RLA496839S",1.627,6.517625,-0.330075,2019-08-28 23:05:00
"628",-412,"RLA496839S",1.627,6.5254375,-0.33578,2019-08-28 23:05:00
"629",-412,"RLA496839S",1.627,6.53325,-0.33578,2019-08-28 23:05:00
"630",-418,"RLA496839S",1.627,6.5410625,-0.34067,2019-08-28 23:05:00
"631",-413,"RLA496839S",1.627,6.548875,-0.336595,2019-08-28 23:05:00
"632",-402,"RLA496839S",1.627,6.5566875,-0.32763,2019-08-28 23:05:00
"633",-420,"RLA496839S",1.627,6.5645,-0.3423,2019-08-28 23:05:00
"634",-425,"RLA496839S",1.627,6.5723125,-0.346375,2019-08-28 23:05:00
"635",-424,"RLA496839S",1.627,6.580125,-0.34556,2019-08-28 23:05:00
"636",-427,"RLA496839S",1.627,6.5879375,-0.348005,2019-08-28 23:05:00
"637",-432,"RLA496839S",1.627,6.59575,-0.35208,2019-08-28 23:05:00
"638",-440,"RLA496839S",1.627,6.6035625,-0.3586,2019-08-28 23:05:00
"639",-443,"RLA496839S",1.627,6.611375,-0.361045,2019-08-28 23:05:00
"640",-448,"RLA496839S",1.627,6.6191875,-0.36512,2019-08-28 23:05:00
"641",-453,"RLA496839S",1.627,6.627,-0.369195,2019-08-28 23:05:00
"642",-458,"RLA496839S",1.627,6.6348125,-0.37327,2019-08-28 23:05:00
"643",-464,"RLA496839S",1.627,6.642625,-0.37816,2019-08-28 23:05:00
"644",-449,"RLA496839S",1.627,6.6504375,-0.365935,2019-08-28 23:05:00
"645",-414,"RLA496839S",1.627,6.65825,-0.33741,2019-08-28 23:05:00
"646",-382,"RLA496839S",1.627,6.6660625,-0.31133,2019-08-28 23:05:00
"647",-363,"RLA496839S",1.627,6.673875,-0.295845,2019-08-28 23:05:00
"648",-355,"RLA496839S",1.627,6.6816875,-0.289325,2019-08-28 23:05:00
"649",-356,"RLA496839S",1.627,6.6895,-0.29014,2019-08-28 23:05:00
"650",-354,"RLA496839S",1.627,6.6973125,-0.28851,2019-08-28 23:05:00
"651",-352,"RLA496839S",1.627,6.705125,-0.28688,2019-08-28 23:05:00
"652",-356,"RLA496839S",1.627,6.7129375,-0.29014,2019-08-28 23:05:00
"653",-360,"RLA496839S",1.627,6.72075,-0.2934,2019-08-28 23:05:00
"654",-360,"RLA496839S",1.627,6.7285625,-0.2934,2019-08-28 23:05:00
"655",-360,"RLA496839S",1.627,6.736375,-0.2934,2019-08-28 23:05:00
"656",-363,"RLA496839S",1.627,6.7441875,-0.295845,2019-08-28 23:05:00
"657",-361,"RLA496839S",1.627,6.752,-0.294215,2019-08-28 23:05:00
"658",-360,"RLA496839S",1.627,6.7598125,-0.2934,2019-08-28 23:05:00
"659",-366,"RLA496839S",1.627,6.767625,-0.29829,2019-08-28 23:05:00
"660",-367,"RLA496839S",1.627,6.7754375,-0.299105,2019-08-28 23:05:00
"661",-365,"RLA496839S",1.627,6.78325,-0.297475,2019-08-28 23:05:00
"662",-365,"RLA496839S",1.627,6.7910625,-0.297475,2019-08-28 23:05:00
"663",-364,"RLA496839S",1.627,6.798875,-0.29666,2019-08-28 23:05:00
"664",-362,"RLA496839S",1.627,6.8066875,-0.29503,2019-08-28 23:05:00
"665",-362,"RLA496839S",1.627,6.8145,-0.29503,2019-08-28 23:05:00
"666",-361,"RLA496839S",1.627,6.8223125,-0.294215,2019-08-28 23:05:00
"667",-360,"RLA496839S",1.627,6.830125,-0.2934,2019-08-28 23:05:00
"668",-358,"RLA496839S",1.627,6.8379375,-0.29177,2019-08-28 23:05:00
"669",-357,"RLA496839S",1.627,6.84575,-0.290955,2019-08-28 23:05:00
"670",-361,"RLA496839S",1.627,6.8535625,-0.294215,2019-08-28 23:05:00
"671",-360,"RLA496839S",1.627,6.861375,-0.2934,2019-08-28 23:05:00
"672",-358,"RLA496839S",1.627,6.8691875,-0.29177,2019-08-28 23:05:00
"673",-362,"RLA496839S",1.627,6.877,-0.29503,2019-08-28 23:05:00
"674",-363,"RLA496839S",1.627,6.8848125,-0.295845,2019-08-28 23:05:00
"675",-361,"RLA496839S",1.627,6.892625,-0.294215,2019-08-28 23:05:00
"676",-361,"RLA496839S",1.627,6.9004375,-0.294215,2019-08-28 23:05:00
"677",-361,"RLA496839S",1.627,6.90825,-0.294215,2019-08-28 23:05:00
"678",-360,"RLA496839S",1.627,6.9160625,-0.2934,2019-08-28 23:05:00
"679",-362,"RLA496839S",1.627,6.923875,-0.29503,2019-08-28 23:05:00
"680",-360,"RLA496839S",1.627,6.9316875,-0.2934,2019-08-28 23:05:00
"681",-359,"RLA496839S",1.627,6.9395,-0.292585,2019-08-28 23:05:00
"682",-363,"RLA496839S",1.627,6.9473125,-0.295845,2019-08-28 23:05:00
"683",-366,"RLA496839S",1.627,6.955125,-0.29829,2019-08-28 23:05:00
"684",-365,"RLA496839S",1.627,6.9629375,-0.297475,2019-08-28 23:05:00
"685",-363,"RLA496839S",1.627,6.97075,-0.295845,2019-08-28 23:05:00
"686",-362,"RLA496839S",1.627,6.9785625,-0.29503,2019-08-28 23:05:00
"687",-363,"RLA496839S",1.627,6.986375,-0.295845,2019-08-28 23:05:00
"688",-362,"RLA496839S",1.627,6.9941875,-0.29503,2019-08-28 23:05:00
"689",-363,"RLA496839S",1.627,7.002,-0.295845,2019-08-28 23:05:00
"690",-364,"RLA496839S",1.627,7.0098125,-0.29666,2019-08-28 23:05:00
"691",-362,"RLA496839S",1.627,7.017625,-0.29503,2019-08-28 23:05:00
"692",-361,"RLA496839S",1.627,7.0254375,-0.294215,2019-08-28 23:05:00
"693",-363,"RLA496839S",1.627,7.03325,-0.295845,2019-08-28 23:05:00
"694",-367,"RLA496839S",1.627,7.0410625,-0.299105,2019-08-28 23:05:00
"695",-366,"RLA496839S",1.627,7.048875,-0.29829,2019-08-28 23:05:00
"696",-363,"RLA496839S",1.627,7.0566875,-0.295845,2019-08-28 23:05:00
"697",-362,"RLA496839S",1.627,7.0645,-0.29503,2019-08-28 23:05:00
"698",-362,"RLA496839S",1.627,7.0723125,-0.29503,2019-08-28 23:05:00
"699",-364,"RLA496839S",1.627,7.080125,-0.29666,2019-08-28 23:05:00
"700",-366,"RLA496839S",1.627,7.0879375,-0.29829,2019-08-28 23:05:00
"701",-365,"RLA496839S",1.627,7.09575,-0.297475,2019-08-28 23:05:00
"702",-363,"RLA496839S",1.627,7.1035625,-0.295845,2019-08-28 23:05:00
"703",-365,"RLA496839S",1.627,7.111375,-0.297475,2019-08-28 23:05:00
"704",-368,"RLA496839S",1.627,7.1191875,-0.29992,2019-08-28 23:05:00
"705",-369,"RLA496839S",1.627,7.127,-0.300735,2019-08-28 23:05:00
"706",-370,"RLA496839S",1.627,7.1348125,-0.30155,2019-08-28 23:05:00
"707",-368,"RLA496839S",1.627,7.142625,-0.29992,2019-08-28 23:05:00
"708",-367,"RLA496839S",1.627,7.1504375,-0.299105,2019-08-28 23:05:00
"709",-367,"RLA496839S",1.627,7.15825,-0.299105,2019-08-28 23:05:00
"710",-365,"RLA496839S",1.627,7.1660625,-0.297475,2019-08-28 23:05:00
"711",-365,"RLA496839S",1.627,7.173875,-0.297475,2019-08-28 23:05:00
"712",-369,"RLA496839S",1.627,7.1816875,-0.300735,2019-08-28 23:05:00
"713",-370,"RLA496839S",1.627,7.1895,-0.30155,2019-08-28 23:05:00
"714",-370,"RLA496839S",1.627,7.1973125,-0.30155,2019-08-28 23:05:00
"715",-371,"RLA496839S",1.627,7.205125,-0.302365,2019-08-28 23:05:00
"716",-371,"RLA496839S",1.627,7.2129375,-0.302365,2019-08-28 23:05:00
"717",-369,"RLA496839S",1.627,7.22075,-0.300735,2019-08-28 23:05:00
"718",-368,"RLA496839S",1.627,7.2285625,-0.29992,2019-08-28 23:05:00
"719",-368,"RLA496839S",1.627,7.236375,-0.29992,2019-08-28 23:05:00
"720",-369,"RLA496839S",1.627,7.2441875,-0.300735,2019-08-28 23:05:00
"721",-370,"RLA496839S",1.627,7.252,-0.30155,2019-08-28 23:05:00
"722",-371,"RLA496839S",1.627,7.2598125,-0.302365,2019-08-28 23:05:00
"723",-370,"RLA496839S",1.627,7.267625,-0.30155,2019-08-28 23:05:00
"724",-371,"RLA496839S",1.627,7.2754375,-0.302365,2019-08-28 23:05:00
"725",-371,"RLA496839S",1.627,7.28325,-0.302365,2019-08-28 23:05:00
"726",-371,"RLA496839S",1.627,7.2910625,-0.302365,2019-08-28 23:05:00
"727",-371,"RLA496839S",1.627,7.298875,-0.302365,2019-08-28 23:05:00
"728",-371,"RLA496839S",1.627,7.3066875,-0.302365,2019-08-28 23:05:00
"729",-371,"RLA496839S",1.627,7.3145,-0.302365,2019-08-28 23:05:00
"730",-371,"RLA496839S",1.627,7.3223125,-0.302365,2019-08-28 23:05:00
"731",-372,"RLA496839S",1.627,7.330125,-0.30318,2019-08-28 23:05:00
"732",-374,"RLA496839S",1.627,7.3379375,-0.30481,2019-08-28 23:05:00
"733",-374,"RLA496839S",1.627,7.34575,-0.30481,2019-08-28 23:05:00
"734",-372,"RLA496839S",1.627,7.3535625,-0.30318,2019-08-28 23:05:00
"735",-373,"RLA496839S",1.627,7.361375,-0.303995,2019-08-28 23:05:00
"736",-372,"RLA496839S",1.627,7.3691875,-0.30318,2019-08-28 23:05:00
"737",-372,"RLA496839S",1.627,7.377,-0.30318,2019-08-28 23:05:00
"738",-373,"RLA496839S",1.627,7.3848125,-0.303995,2019-08-28 23:05:00
"739",-372,"RLA496839S",1.627,7.392625,-0.30318,2019-08-28 23:05:00
"740",-371,"RLA496839S",1.627,7.4004375,-0.302365,2019-08-28 23:05:00
"741",-372,"RLA496839S",1.627,7.40825,-0.30318,2019-08-28 23:05:00
"742",-372,"RLA496839S",1.627,7.4160625,-0.30318,2019-08-28 23:05:00
"743",-371,"RLA496839S",1.627,7.423875,-0.302365,2019-08-28 23:05:00
"744",-373,"RLA496839S",1.627,7.4316875,-0.303995,2019-08-28 23:05:00
"745",-373,"RLA496839S",1.627,7.4395,-0.303995,2019-08-28 23:05:00
"746",-373,"RLA496839S",1.627,7.4473125,-0.303995,2019-08-28 23:05:00
"747",-372,"RLA496839S",1.627,7.455125,-0.30318,2019-08-28 23:05:00
"748",-374,"RLA496839S",1.627,7.4629375,-0.30481,2019-08-28 23:05:00
"749",-374,"RLA496839S",1.627,7.47075,-0.30481,2019-08-28 23:05:00
"750",-372,"RLA496839S",1.627,7.4785625,-0.30318,2019-08-28 23:05:00
"751",-372,"RLA496839S",1.627,7.486375,-0.30318,2019-08-28 23:05:00
"752",-371,"RLA496839S",1.627,7.4941875,-0.302365,2019-08-28 23:05:00
"753",-373,"RLA496839S",1.627,7.502,-0.303995,2019-08-28 23:05:00
"754",-377,"RLA496839S",1.627,7.5098125,-0.307255,2019-08-28 23:05:00
"755",-375,"RLA496839S",1.627,7.517625,-0.305625,2019-08-28 23:05:00
"756",-373,"RLA496839S",1.627,7.5254375,-0.303995,2019-08-28 23:05:00
"757",-374,"RLA496839S",1.627,7.53325,-0.30481,2019-08-28 23:05:00
"758",-374,"RLA496839S",1.627,7.5410625,-0.30481,2019-08-28 23:05:00
"759",-373,"RLA496839S",1.627,7.548875,-0.303995,2019-08-28 23:05:00
"760",-375,"RLA496839S",1.627,7.5566875,-0.305625,2019-08-28 23:05:00
"761",-377,"RLA496839S",1.627,7.5645,-0.307255,2019-08-28 23:05:00
"762",-377,"RLA496839S",1.627,7.5723125,-0.307255,2019-08-28 23:05:00
"763",-377,"RLA496839S",1.627,7.580125,-0.307255,2019-08-28 23:05:00
"764",-377,"RLA496839S",1.627,7.5879375,-0.307255,2019-08-28 23:05:00
"765",-378,"RLA496839S",1.627,7.59575,-0.30807,2019-08-28 23:05:00
"766",-378,"RLA496839S",1.627,7.6035625,-0.30807,2019-08-28 23:05:00
"767",-375,"RLA496839S",1.627,7.611375,-0.305625,2019-08-28 23:05:00
"768",-376,"RLA496839S",1.627,7.6191875,-0.30644,2019-08-28 23:05:00
"769",-379,"RLA496839S",1.627,7.627,-0.308885,2019-08-28 23:05:00
"770",-381,"RLA496839S",1.627,7.6348125,-0.310515,2019-08-28 23:05:00
"771",-380,"RLA496839S",1.627,7.642625,-0.3097,2019-08-28 23:05:00
"772",-378,"RLA496839S",1.627,7.6504375,-0.30807,2019-08-28 23:05:00
"773",-378,"RLA496839S",1.627,7.65825,-0.30807,2019-08-28 23:05:00
"774",-377,"RLA496839S",1.627,7.6660625,-0.307255,2019-08-28 23:05:00
"775",-375,"RLA496839S",1.627,7.673875,-0.305625,2019-08-28 23:05:00
"776",-375,"RLA496839S",1.627,7.6816875,-0.305625,2019-08-28 23:05:00
"777",-379,"RLA496839S",1.627,7.6895,-0.308885,2019-08-28 23:05:00
"778",-383,"RLA496839S",1.627,7.6973125,-0.312145,2019-08-28 23:05:00
"779",-381,"RLA496839S",1.627,7.705125,-0.310515,2019-08-28 23:05:00
"780",-377,"RLA496839S",1.627,7.7129375,-0.307255,2019-08-28 23:05:00
"781",-378,"RLA496839S",1.627,7.72075,-0.30807,2019-08-28 23:05:00
"782",-379,"RLA496839S",1.627,7.7285625,-0.308885,2019-08-28 23:05:00
"783",-379,"RLA496839S",1.627,7.736375,-0.308885,2019-08-28 23:05:00
"784",-380,"RLA496839S",1.627,7.7441875,-0.3097,2019-08-28 23:05:00
"785",-381,"RLA496839S",1.627,7.752,-0.310515,2019-08-28 23:05:00
"786",-378,"RLA496839S",1.627,7.7598125,-0.30807,2019-08-28 23:05:00
"787",-377,"RLA496839S",1.627,7.767625,-0.307255,2019-08-28 23:05:00
"788",-380,"RLA496839S",1.627,7.7754375,-0.3097,2019-08-28 23:05:00
"789",-383,"RLA496839S",1.627,7.78325,-0.312145,2019-08-28 23:05:00
"790",-385,"RLA496839S",1.627,7.7910625,-0.313775,2019-08-28 23:05:00
"791",-382,"RLA496839S",1.627,7.798875,-0.31133,2019-08-28 23:05:00
"792",-379,"RLA496839S",1.627,7.8066875,-0.308885,2019-08-28 23:05:00
"793",-379,"RLA496839S",1.627,7.8145,-0.308885,2019-08-28 23:05:00
"794",-384,"RLA496839S",1.627,7.8223125,-0.31296,2019-08-28 23:05:00
"795",-388,"RLA496839S",1.627,7.830125,-0.31622,2019-08-28 23:05:00
"796",-390,"RLA496839S",1.627,7.8379375,-0.31785,2019-08-28 23:05:00
"797",-395,"RLA496839S",1.627,7.84575,-0.321925,2019-08-28 23:05:00
"798",-399,"RLA496839S",1.627,7.8535625,-0.325185,2019-08-28 23:05:00
"799",-403,"RLA496839S",1.627,7.861375,-0.328445,2019-08-28 23:05:00
"800",-400,"RLA496839S",1.627,7.8691875,-0.326,2019-08-28 23:05:00
"801",-393,"RLA496839S",1.627,7.877,-0.320295,2019-08-28 23:05:00
"802",-386,"RLA496839S",1.627,7.8848125,-0.31459,2019-08-28 23:05:00
"803",-379,"RLA496839S",1.627,7.892625,-0.308885,2019-08-28 23:05:00
"804",-376,"RLA496839S",1.627,7.9004375,-0.30644,2019-08-28 23:05:00
"805",-376,"RLA496839S",1.627,7.90825,-0.30644,2019-08-28 23:05:00
"806",-376,"RLA496839S",1.627,7.9160625,-0.30644,2019-08-28 23:05:00
"807",-375,"RLA496839S",1.627,7.923875,-0.305625,2019-08-28 23:05:00
"808",-373,"RLA496839S",1.627,7.9316875,-0.303995,2019-08-28 23:05:00
"809",-371,"RLA496839S",1.627,7.9395,-0.302365,2019-08-28 23:05:00
"810",-373,"RLA496839S",1.627,7.9473125,-0.303995,2019-08-28 23:05:00
"811",-375,"RLA496839S",1.627,7.955125,-0.305625,2019-08-28 23:05:00
"812",-373,"RLA496839S",1.627,7.9629375,-0.303995,2019-08-28 23:05:00
"813",-368,"RLA496839S",1.627,7.97075,-0.29992,2019-08-28 23:05:00
"814",-414,"RLA496839S",1.627,7.9785625,-0.33741,2019-08-28 23:05:00
"815",-582,"RLA496839S",1.627,7.986375,-0.47433,2019-08-28 23:05:00
"816",-809,"RLA496839S",1.627,7.9941875,-0.659335,2019-08-28 23:05:00
"817",-696,"RLA496839S",1.627,8.002,-0.56724,2019-08-28 23:05:00
"818",-371,"RLA496839S",1.627,8.0098125,-0.302365,2019-08-28 23:05:00
"819",-261,"RLA496839S",1.627,8.017625,-0.212715,2019-08-28 23:05:00
"820",-367,"RLA496839S",1.627,8.0254375,-0.299105,2019-08-28 23:05:00
"821",-393,"RLA496839S",1.627,8.03325,-0.320295,2019-08-28 23:05:00
"822",-384,"RLA496839S",1.627,8.0410625,-0.31296,2019-08-28 23:05:00
"823",-404,"RLA496839S",1.627,8.048875,-0.32926,2019-08-28 23:05:00
"824",-402,"RLA496839S",1.627,8.0566875,-0.32763,2019-08-28 23:05:00
"825",-404,"RLA496839S",1.627,8.0645,-0.32926,2019-08-28 23:05:00
"826",-415,"RLA496839S",1.627,8.0723125,-0.338225,2019-08-28 23:05:00
"827",-413,"RLA496839S",1.627,8.080125,-0.336595,2019-08-28 23:05:00
"828",-423,"RLA496839S",1.627,8.0879375,-0.344745,2019-08-28 23:05:00
"829",-428,"RLA496839S",1.627,8.09575,-0.34882,2019-08-28 23:05:00
"830",-414,"RLA496839S",1.627,8.1035625,-0.33741,2019-08-28 23:05:00
"831",-421,"RLA496839S",1.627,8.111375,-0.343115,2019-08-28 23:05:00
"832",-424,"RLA496839S",1.627,8.1191875,-0.34556,2019-08-28 23:05:00
"833",-421,"RLA496839S",1.627,8.127,-0.343115,2019-08-28 23:05:00
"834",-424,"RLA496839S",1.627,8.1348125,-0.34556,2019-08-28 23:05:00
"835",-427,"RLA496839S",1.627,8.142625,-0.348005,2019-08-28 23:05:00
"836",-436,"RLA496839S",1.627,8.1504375,-0.35534,2019-08-28 23:05:00
"837",-439,"RLA496839S",1.627,8.15825,-0.357785,2019-08-28 23:05:00
"838",-440,"RLA496839S",1.627,8.1660625,-0.3586,2019-08-28 23:05:00
"839",-446,"RLA496839S",1.627,8.173875,-0.36349,2019-08-28 23:05:00
"840",-454,"RLA496839S",1.627,8.1816875,-0.37001,2019-08-28 23:05:00
"841",-458,"RLA496839S",1.627,8.1895,-0.37327,2019-08-28 23:05:00
"842",-448,"RLA496839S",1.627,8.1973125,-0.36512,2019-08-28 23:05:00
"843",-417,"RLA496839S",1.627,8.205125,-0.339855,2019-08-28 23:05:00
"844",-384,"RLA496839S",1.627,8.2129375,-0.31296,2019-08-28 23:05:00
"845",-366,"RLA496839S",1.627,8.22075,-0.29829,2019-08-28 23:05:00
"846",-363,"RLA496839S",1.627,8.2285625,-0.295845,2019-08-28 23:05:00
"847",-358,"RLA496839S",1.627,8.236375,-0.29177,2019-08-28 23:05:00
"848",-354,"RLA496839S",1.627,8.2441875,-0.28851,2019-08-28 23:05:00
"849",-354,"RLA496839S",1.627,8.252,-0.28851,2019-08-28 23:05:00
"850",-354,"RLA496839S",1.627,8.2598125,-0.28851,2019-08-28 23:05:00
"851",-354,"RLA496839S",1.627,8.267625,-0.28851,2019-08-28 23:05:00
"852",-356,"RLA496839S",1.627,8.2754375,-0.29014,2019-08-28 23:05:00
"853",-360,"RLA496839S",1.627,8.28325,-0.2934,2019-08-28 23:05:00
"854",-364,"RLA496839S",1.627,8.2910625,-0.29666,2019-08-28 23:05:00
"855",-364,"RLA496839S",1.627,8.298875,-0.29666,2019-08-28 23:05:00
"856",-363,"RLA496839S",1.627,8.3066875,-0.295845,2019-08-28 23:05:00
"857",-362,"RLA496839S",1.627,8.3145,-0.29503,2019-08-28 23:05:00
"858",-364,"RLA496839S",1.627,8.3223125,-0.29666,2019-08-28 23:05:00
"859",-366,"RLA496839S",1.627,8.330125,-0.29829,2019-08-28 23:05:00
"860",-364,"RLA496839S",1.627,8.3379375,-0.29666,2019-08-28 23:05:00
"861",-364,"RLA496839S",1.627,8.34575,-0.29666,2019-08-28 23:05:00
"862",-365,"RLA496839S",1.627,8.3535625,-0.297475,2019-08-28 23:05:00
"863",-365,"RLA496839S",1.627,8.361375,-0.297475,2019-08-28 23:05:00
"864",-364,"RLA496839S",1.627,8.3691875,-0.29666,2019-08-28 23:05:00
"865",-364,"RLA496839S",1.627,8.377,-0.29666,2019-08-28 23:05:00
"866",-362,"RLA496839S",1.627,8.3848125,-0.29503,2019-08-28 23:05:00
"867",-359,"RLA496839S",1.627,8.392625,-0.292585,2019-08-28 23:05:00
"868",-360,"RLA496839S",1.627,8.4004375,-0.2934,2019-08-28 23:05:00
"869",-361,"RLA496839S",1.627,8.40825,-0.294215,2019-08-28 23:05:00
"870",-361,"RLA496839S",1.627,8.4160625,-0.294215,2019-08-28 23:05:00
"871",-360,"RLA496839S",1.627,8.423875,-0.2934,2019-08-28 23:05:00
"872",-363,"RLA496839S",1.627,8.4316875,-0.295845,2019-08-28 23:05:00
"873",-364,"RLA496839S",1.627,8.4395,-0.29666,2019-08-28 23:05:00
"874",-361,"RLA496839S",1.627,8.4473125,-0.294215,2019-08-28 23:05:00
"875",-362,"RLA496839S",1.627,8.455125,-0.29503,2019-08-28 23:05:00
"876",-364,"RLA496839S",1.627,8.4629375,-0.29666,2019-08-28 23:05:00
"877",-364,"RLA496839S",1.627,8.47075,-0.29666,2019-08-28 23:05:00
"878",-363,"RLA496839S",1.627,8.4785625,-0.295845,2019-08-28 23:05:00
"879",-361,"RLA496839S",1.627,8.486375,-0.294215,2019-08-28 23:05:00
"880",-363,"RLA496839S",1.627,8.4941875,-0.295845,2019-08-28 23:05:00
"881",-367,"RLA496839S",1.627,8.502,-0.299105,2019-08-28 23:05:00
"882",-366,"RLA496839S",1.627,8.5098125,-0.29829,2019-08-28 23:05:00
"883",-363,"RLA496839S",1.627,8.517625,-0.295845,2019-08-28 23:05:00
"884",-361,"RLA496839S",1.627,8.5254375,-0.294215,2019-08-28 23:05:00
"885",-363,"RLA496839S",1.627,8.53325,-0.295845,2019-08-28 23:05:00
"886",-367,"RLA496839S",1.627,8.5410625,-0.299105,2019-08-28 23:05:00
"887",-368,"RLA496839S",1.627,8.548875,-0.29992,2019-08-28 23:05:00
"888",-367,"RLA496839S",1.627,8.5566875,-0.299105,2019-08-28 23:05:00
"889",-366,"RLA496839S",1.627,8.5645,-0.29829,2019-08-28 23:05:00
"890",-367,"RLA496839S",1.627,8.5723125,-0.299105,2019-08-28 23:05:00
"891",-371,"RLA496839S",1.627,8.580125,-0.302365,2019-08-28 23:05:00
"892",-371,"RLA496839S",1.627,8.5879375,-0.302365,2019-08-28 23:05:00
"893",-370,"RLA496839S",1.627,8.59575,-0.30155,2019-08-28 23:05:00
"894",-369,"RLA496839S",1.627,8.6035625,-0.300735,2019-08-28 23:05:00
"895",-370,"RLA496839S",1.627,8.611375,-0.30155,2019-08-28 23:05:00
"896",-372,"RLA496839S",1.627,8.6191875,-0.30318,2019-08-28 23:05:00
"897",-374,"RLA496839S",1.627,8.627,-0.30481,2019-08-28 23:05:00
"898",-375,"RLA496839S",1.627,8.6348125,-0.305625,2019-08-28 23:05:00
"899",-374,"RLA496839S",1.627,8.642625,-0.30481,2019-08-28 23:05:00
"900",-374,"RLA496839S",1.627,8.6504375,-0.30481,2019-08-28 23:05:00
"901",-376,"RLA496839S",1.627,8.65825,-0.30644,2019-08-28 23:05:00
"902",-374,"RLA496839S",1.627,8.6660625,-0.30481,2019-08-28 23:05:00
"903",-372,"RLA496839S",1.627,8.673875,-0.30318,2019-08-28 23:05:00
"904",-371,"RLA496839S",1.627,8.6816875,-0.302365,2019-08-28 23:05:00
"905",-372,"RLA496839S",1.627,8.6895,-0.30318,2019-08-28 23:05:00
"906",-374,"RLA496839S",1.627,8.6973125,-0.30481,2019-08-28 23:05:00
"907",-373,"RLA496839S",1.627,8.705125,-0.303995,2019-08-28 23:05:00
"908",-372,"RLA496839S",1.627,8.7129375,-0.30318,2019-08-28 23:05:00
"909",-372,"RLA496839S",1.627,8.72075,-0.30318,2019-08-28 23:05:00
"910",-373,"RLA496839S",1.627,8.7285625,-0.303995,2019-08-28 23:05:00
"911",-376,"RLA496839S",1.627,8.736375,-0.30644,2019-08-28 23:05:00
"912",-377,"RLA496839S",1.627,8.7441875,-0.307255,2019-08-28 23:05:00
"913",-375,"RLA496839S",1.627,8.752,-0.305625,2019-08-28 23:05:00
"914",-374,"RLA496839S",1.627,8.7598125,-0.30481,2019-08-28 23:05:00
"915",-376,"RLA496839S",1.627,8.767625,-0.30644,2019-08-28 23:05:00
"916",-376,"RLA496839S",1.627,8.7754375,-0.30644,2019-08-28 23:05:00
"917",-376,"RLA496839S",1.627,8.78325,-0.30644,2019-08-28 23:05:00
"918",-377,"RLA496839S",1.627,8.7910625,-0.307255,2019-08-28 23:05:00
"919",-375,"RLA496839S",1.627,8.798875,-0.305625,2019-08-28 23:05:00
"920",-374,"RLA496839S",1.627,8.8066875,-0.30481,2019-08-28 23:05:00
"921",-375,"RLA496839S",1.627,8.8145,-0.305625,2019-08-28 23:05:00
"922",-374,"RLA496839S",1.627,8.8223125,-0.30481,2019-08-28 23:05:00
"923",-376,"RLA496839S",1.627,8.830125,-0.30644,2019-08-28 23:05:00
"924",-376,"RLA496839S",1.627,8.8379375,-0.30644,2019-08-28 23:05:00
"925",-377,"RLA496839S",1.627,8.84575,-0.307255,2019-08-28 23:05:00
"926",-377,"RLA496839S",1.627,8.8535625,-0.307255,2019-08-28 23:05:00
"927",-376,"RLA496839S",1.627,8.861375,-0.30644,2019-08-28 23:05:00
"928",-376,"RLA496839S",1.627,8.8691875,-0.30644,2019-08-28 23:05:00
"929",-380,"RLA496839S",1.627,8.877,-0.3097,2019-08-28 23:05:00
"930",-381,"RLA496839S",1.627,8.8848125,-0.310515,2019-08-28 23:05:00
"931",-378,"RLA496839S",1.627,8.892625,-0.30807,2019-08-28 23:05:00
"932",-377,"RLA496839S",1.627,8.9004375,-0.307255,2019-08-28 23:05:00
"933",-378,"RLA496839S",1.627,8.90825,-0.30807,2019-08-28 23:05:00
"934",-381,"RLA496839S",1.627,8.9160625,-0.310515,2019-08-28 23:05:00
"935",-383,"RLA496839S",1.627,8.923875,-0.312145,2019-08-28 23:05:00
"936",-383,"RLA496839S",1.627,8.9316875,-0.312145,2019-08-28 23:05:00
"937",-379,"RLA496839S",1.627,8.9395,-0.308885,2019-08-28 23:05:00
"938",-378,"RLA496839S",1.627,8.9473125,-0.30807,2019-08-28 23:05:00
"939",-380,"RLA496839S",1.627,8.955125,-0.3097,2019-08-28 23:05:00
"940",-379,"RLA496839S",1.627,8.9629375,-0.308885,2019-08-28 23:05:00
"941",-377,"RLA496839S",1.627,8.97075,-0.307255,2019-08-28 23:05:00
"942",-382,"RLA496839S",1.627,8.9785625,-0.31133,2019-08-28 23:05:00
"943",-386,"RLA496839S",1.627,8.986375,-0.31459,2019-08-28 23:05:00
"944",-381,"RLA496839S",1.627,8.9941875,-0.310515,2019-08-28 23:05:00
"945",-382,"RLA496839S",1.627,9.002,-0.31133,2019-08-28 23:05:00
"946",-385,"RLA496839S",1.627,9.0098125,-0.313775,2019-08-28 23:05:00
"947",-384,"RLA496839S",1.627,9.017625,-0.31296,2019-08-28 23:05:00
"948",-396,"RLA496839S",1.627,9.0254375,-0.32274,2019-08-28 23:05:00
"949",-409,"RLA496839S",1.627,9.03325,-0.333335,2019-08-28 23:05:00
"950",-405,"RLA496839S",1.627,9.0410625,-0.330075,2019-08-28 23:05:00
"951",-398,"RLA496839S",1.627,9.048875,-0.32437,2019-08-28 23:05:00
"952",-390,"RLA496839S",1.627,9.0566875,-0.31785,2019-08-28 23:05:00
"953",-381,"RLA496839S",1.627,9.0645,-0.310515,2019-08-28 23:05:00
"954",-378,"RLA496839S",1.627,9.0723125,-0.30807,2019-08-28 23:05:00
"955",-379,"RLA496839S",1.627,9.080125,-0.308885,2019-08-28 23:05:00
"956",-377,"RLA496839S",1.627,9.0879375,-0.307255,2019-08-28 23:05:00
"957",-373,"RLA496839S",1.627,9.09575,-0.303995,2019-08-28 23:05:00
"958",-370,"RLA496839S",1.627,9.1035625,-0.30155,2019-08-28 23:05:00
"959",-370,"RLA496839S",1.627,9.111375,-0.30155,2019-08-28 23:05:00
"960",-369,"RLA496839S",1.627,9.1191875,-0.300735,2019-08-28 23:05:00
"961",-365,"RLA496839S",1.627,9.127,-0.297475,2019-08-28 23:05:00
"962",-365,"RLA496839S",1.627,9.1348125,-0.297475,2019-08-28 23:05:00
"963",-451,"RLA496839S",1.627,9.142625,-0.367565,2019-08-28 23:05:00
"964",-675,"RLA496839S",1.627,9.1504375,-0.550125,2019-08-28 23:05:00
"965",-796,"RLA496839S",1.627,9.15825,-0.64874,2019-08-28 23:05:00
"966",-588,"RLA496839S",1.627,9.1660625,-0.47922,2019-08-28 23:05:00
"967",-294,"RLA496839S",1.627,9.173875,-0.23961,2019-08-28 23:05:00
"968",-283,"RLA496839S",1.627,9.1816875,-0.230645,2019-08-28 23:05:00
"969",-391,"RLA496839S",1.627,9.1895,-0.318665,2019-08-28 23:05:00
"970",-396,"RLA496839S",1.627,9.1973125,-0.32274,2019-08-28 23:05:00
"971",-387,"RLA496839S",1.627,9.205125,-0.315405,2019-08-28 23:05:00
"972",-409,"RLA496839S",1.627,9.2129375,-0.333335,2019-08-28 23:05:00
"973",-409,"RLA496839S",1.627,9.22075,-0.333335,2019-08-28 23:05:00
"974",-402,"RLA496839S",1.627,9.2285625,-0.32763,2019-08-28 23:05:00
"975",-412,"RLA496839S",1.627,9.236375,-0.33578,2019-08-28 23:05:00
"976",-412,"RLA496839S",1.627,9.2441875,-0.33578,2019-08-28 23:05:00
"977",-421,"RLA496839S",1.627,9.252,-0.343115,2019-08-28 23:05:00
"978",-414,"RLA496839S",1.627,9.2598125,-0.33741,2019-08-28 23:05:00
"979",-403,"RLA496839S",1.627,9.267625,-0.328445,2019-08-28 23:05:00
"980",-420,"RLA496839S",1.627,9.2754375,-0.3423,2019-08-28 23:05:00
"981",-426,"RLA496839S",1.627,9.28325,-0.34719,2019-08-28 23:05:00
"982",-425,"RLA496839S",1.627,9.2910625,-0.346375,2019-08-28 23:05:00
"983",-426,"RLA496839S",1.627,9.298875,-0.34719,2019-08-28 23:05:00
"984",-430,"RLA496839S",1.627,9.3066875,-0.35045,2019-08-28 23:05:00
"985",-436,"RLA496839S",1.627,9.3145,-0.35534,2019-08-28 23:05:00
"986",-440,"RLA496839S",1.627,9.3223125,-0.3586,2019-08-28 23:05:00
"987",-445,"RLA496839S",1.627,9.330125,-0.362675,2019-08-28 23:05:00
"988",-448,"RLA496839S",1.627,9.3379375,-0.36512,2019-08-28 23:05:00
"989",-450,"RLA496839S",1.627,9.34575,-0.36675,2019-08-28 23:05:00
"990",-453,"RLA496839S",1.627,9.3535625,-0.369195,2019-08-28 23:05:00
"991",-438,"RLA496839S",1.627,9.361375,-0.35697,2019-08-28 23:05:00
"992",-399,"RLA496839S",1.627,9.3691875,-0.325185,2019-08-28 23:05:00
"993",-376,"RLA496839S",1.627,9.377,-0.30644,2019-08-28 23:05:00
"994",-361,"RLA496839S",1.627,9.3848125,-0.294215,2019-08-28 23:05:00
"995",-358,"RLA496839S",1.627,9.392625,-0.29177,2019-08-28 23:05:00
"996",-355,"RLA496839S",1.627,9.4004375,-0.289325,2019-08-28 23:05:00
"997",-353,"RLA496839S",1.627,9.40825,-0.287695,2019-08-28 23:05:00
"998",-351,"RLA496839S",1.627,9.4160625,-0.286065,2019-08-28 23:05:00
"999",-351,"RLA496839S",1.627,9.423875,-0.286065,2019-08-28 23:05:00
"1000",-356,"RLA496839S",1.627,9.4316875,-0.29014,2019-08-28 23:05:00
"1001",-356,"RLA496839S",1.627,9.4395,-0.29014,2019-08-28 23:05:00
"1002",-356,"RLA496839S",1.627,9.4473125,-0.29014,2019-08-28 23:05:00
"1003",-358,"RLA496839S",1.627,9.455125,-0.29177,2019-08-28 23:05:00
"1004",-361,"RLA496839S",1.627,9.4629375,-0.294215,2019-08-28 23:05:00
"1005",-362,"RLA496839S",1.627,9.47075,-0.29503,2019-08-28 23:05:00
"1006",-361,"RLA496839S",1.627,9.4785625,-0.294215,2019-08-28 23:05:00
"1007",-362,"RLA496839S",1.627,9.486375,-0.29503,2019-08-28 23:05:00
"1008",-364,"RLA496839S",1.627,9.4941875,-0.29666,2019-08-28 23:05:00
"1009",-363,"RLA496839S",1.627,9.502,-0.295845,2019-08-28 23:05:00
"1010",-363,"RLA496839S",1.627,9.5098125,-0.295845,2019-08-28 23:05:00
"1011",-359,"RLA496839S",1.627,9.517625,-0.292585,2019-08-28 23:05:00
"1012",-357,"RLA496839S",1.627,9.5254375,-0.290955,2019-08-28 23:05:00
"1013",-360,"RLA496839S",1.627,9.53325,-0.2934,2019-08-28 23:05:00
"1014",-359,"RLA496839S",1.627,9.5410625,-0.292585,2019-08-28 23:05:00
"1015",-354,"RLA496839S",1.627,9.548875,-0.28851,2019-08-28 23:05:00
"1016",-353,"RLA496839S",1.627,9.5566875,-0.287695,2019-08-28 23:05:00
"1017",-355,"RLA496839S",1.627,9.5645,-0.289325,2019-08-28 23:05:00
"1018",-357,"RLA496839S",1.627,9.5723125,-0.290955,2019-08-28 23:05:00
"1019",-359,"RLA496839S",1.627,9.580125,-0.292585,2019-08-28 23:05:00
"1020",-357,"RLA496839S",1.627,9.5879375,-0.290955,2019-08-28 23:05:00
"1021",-357,"RLA496839S",1.627,9.59575,-0.290955,2019-08-28 23:05:00
"1022",-361,"RLA496839S",1.627,9.6035625,-0.294215,2019-08-28 23:05:00
"1023",-359,"RLA496839S",1.627,9.611375,-0.292585,2019-08-28 23:05:00
"1024",-357,"RLA496839S",1.627,9.6191875,-0.290955,2019-08-28 23:05:00
"1025",-362,"RLA496839S",1.627,9.627,-0.29503,2019-08-28 23:05:00
"1026",-364,"RLA496839S",1.627,9.6348125,-0.29666,2019-08-28 23:05:00
"1027",-365,"RLA496839S",1.627,9.642625,-0.297475,2019-08-28 23:05:00
"1028",-373,"RLA496839S",1.627,9.6504375,-0.303995,2019-08-28 23:05:00
"1029",-387,"RLA496839S",1.627,9.65825,-0.315405,2019-08-28 23:05:00
"1030",-395,"RLA496839S",1.627,9.6660625,-0.321925,2019-08-28 23:05:00
"1031",-386,"RLA496839S",1.627,9.673875,-0.31459,2019-08-28 23:05:00
"1032",-367,"RLA496839S",1.627,9.6816875,-0.299105,2019-08-28 23:05:00
"1033",-360,"RLA496839S",1.627,9.6895,-0.2934,2019-08-28 23:05:00
"1034",-357,"RLA496839S",1.627,9.6973125,-0.290955,2019-08-28 23:05:00
"1035",-356,"RLA496839S",1.627,9.705125,-0.29014,2019-08-28 23:05:00
"1036",-353,"RLA496839S",1.627,9.7129375,-0.287695,2019-08-28 23:05:00
"1037",-352,"RLA496839S",1.627,9.72075,-0.28688,2019-08-28 23:05:00
"1038",-352,"RLA496839S",1.627,9.7285625,-0.28688,2019-08-28 23:05:00
"1039",-351,"RLA496839S",1.627,9.736375,-0.286065,2019-08-28 23:05:00
"1040",-348,"RLA496839S",1.627,9.7441875,-0.28362,2019-08-28 23:05:00
"1041",-351,"RLA496839S",1.627,9.752,-0.286065,2019-08-28 23:05:00
"1042",-348,"RLA496839S",1.627,9.7598125,-0.28362,2019-08-28 23:05:00
"1043",-347,"RLA496839S",1.627,9.767625,-0.282805,2019-08-28 23:05:00
"1044",-447,"RLA496839S",1.627,9.7754375,-0.364305,2019-08-28 23:05:00
"1045",-691,"RLA496839S",1.627,9.78325,-0.563165,2019-08-28 23:05:00
"1046",-798,"RLA496839S",1.627,9.7910625,-0.65037,2019-08-28 23:05:00
"1047",-558,"RLA496839S",1.627,9.798875,-0.45477,2019-08-28 23:05:00
"1048",-219,"RLA496839S",1.627,9.8066875,-0.178485,2019-08-28 23:05:00
"1049",-262,"RLA496839S",1.627,9.8145,-0.21353,2019-08-28 23:05:00
"1050",-372,"RLA496839S",1.627,9.8223125,-0.30318,2019-08-28 23:05:00
"1051",-381,"RLA496839S",1.627,9.830125,-0.310515,2019-08-28 23:05:00
"1052",-378,"RLA496839S",1.627,9.8379375,-0.30807,2019-08-28 23:05:00
"1053",-396,"RLA496839S",1.627,9.84575,-0.32274,2019-08-28 23:05:00
"1054",-391,"RLA496839S",1.627,9.8535625,-0.318665,2019-08-28 23:05:00
"1055",-387,"RLA496839S",1.627,9.861375,-0.315405,2019-08-28 23:05:00
"1056",-401,"RLA496839S",1.627,9.8691875,-0.326815,2019-08-28 23:05:00
"1057",-401,"RLA496839S",1.627,9.877,-0.326815,2019-08-28 23:05:00
"1058",-405,"RLA496839S",1.627,9.8848125,-0.330075,2019-08-28 23:05:00
"1059",-406,"RLA496839S",1.627,9.892625,-0.33089,2019-08-28 23:05:00
"1060",-412,"RLA496839S",1.627,9.9004375,-0.33578,2019-08-28 23:05:00
"1061",-419,"RLA496839S",1.627,9.90825,-0.341485,2019-08-28 23:05:00
"1062",-408,"RLA496839S",1.627,9.9160625,-0.33252,2019-08-28 23:05:00
"1063",-410,"RLA496839S",1.627,9.923875,-0.33415,2019-08-28 23:05:00
"1064",-413,"RLA496839S",1.627,9.9316875,-0.336595,2019-08-28 23:05:00
"1065",-417,"RLA496839S",1.627,9.9395,-0.339855,2019-08-28 23:05:00
"1066",-427,"RLA496839S",1.627,9.9473125,-0.348005,2019-08-28 23:05:00
"1067",-425,"RLA496839S",1.627,9.955125,-0.346375,2019-08-28 23:05:00
"1068",-423,"RLA496839S",1.627,9.9629375,-0.344745,2019-08-28 23:05:00
"1069",-426,"RLA496839S",1.627,9.97075,-0.34719,2019-08-28 23:05:00
"1070",-431,"RLA496839S",1.627,9.9785625,-0.351265,2019-08-28 23:05:00
"1071",-432,"RLA496839S",1.627,9.986375,-0.35208,2019-08-28 23:05:00
"1072",-401,"RLA496839S",1.627,9.9941875,-0.326815,2019-08-28 23:05:00
"1073",-368,"RLA496839S",1.627,10.002,-0.29992,2019-08-28 23:05:00
"1074",-348,"RLA496839S",1.627,10.0098125,-0.28362,2019-08-28 23:05:00
"1075",-339,"RLA496839S",1.627,10.017625,-0.276285,2019-08-28 23:05:00
"1076",-335,"RLA496839S",1.627,10.0254375,-0.273025,2019-08-28 23:05:00
"1077",-336,"RLA496839S",1.627,10.03325,-0.27384,2019-08-28 23:05:00
"1078",-338,"RLA496839S",1.627,10.0410625,-0.27547,2019-08-28 23:05:00
"1079",-338,"RLA496839S",1.627,10.048875,-0.27547,2019-08-28 23:05:00
"1080",-337,"RLA496839S",1.627,10.0566875,-0.274655,2019-08-28 23:05:00
"1081",-342,"RLA496839S",1.627,10.0645,-0.27873,2019-08-28 23:05:00
"1082",-346,"RLA496839S",1.627,10.0723125,-0.28199,2019-08-28 23:05:00
"1083",-346,"RLA496839S",1.627,10.080125,-0.28199,2019-08-28 23:05:00
"1084",-348,"RLA496839S",1.627,10.0879375,-0.28362,2019-08-28 23:05:00
"1085",-350,"RLA496839S",1.627,10.09575,-0.28525,2019-08-28 23:05:00
"1086",-353,"RLA496839S",1.627,10.1035625,-0.287695,2019-08-28 23:05:00
"1087",-353,"RLA496839S",1.627,10.111375,-0.287695,2019-08-28 23:05:00
"1088",-351,"RLA496839S",1.627,10.1191875,-0.286065,2019-08-28 23:05:00
"1089",-350,"RLA496839S",1.627,10.127,-0.28525,2019-08-28 23:05:00
"1090",-349,"RLA496839S",1.627,10.1348125,-0.284435,2019-08-28 23:05:00
"1091",-350,"RLA496839S",1.627,10.142625,-0.28525,2019-08-28 23:05:00
"1092",-349,"RLA496839S",1.627,10.1504375,-0.284435,2019-08-28 23:05:00
"1093",-346,"RLA496839S",1.627,10.15825,-0.28199,2019-08-28 23:05:00
"1094",-345,"RLA496839S",1.627,10.1660625,-0.281175,2019-08-28 23:05:00
"1095",-345,"RLA496839S",1.627,10.173875,-0.281175,2019-08-28 23:05:00
"1096",-348,"RLA496839S",1.627,10.1816875,-0.28362,2019-08-28 23:05:00
"1097",-351,"RLA496839S",1.627,10.1895,-0.286065,2019-08-28 23:05:00
"1098",-351,"RLA496839S",1.627,10.1973125,-0.286065,2019-08-28 23:05:00
"1099",-349,"RLA496839S",1.627,10.205125,-0.284435,2019-08-28 23:05:00
"1100",-349,"RLA496839S",1.627,10.2129375,-0.284435,2019-08-28 23:05:00
"1101",-349,"RLA496839S",1.627,10.22075,-0.284435,2019-08-28 23:05:00
"1102",-349,"RLA496839S",1.627,10.2285625,-0.284435,2019-08-28 23:05:00
"1103",-353,"RLA496839S",1.627,10.236375,-0.287695,2019-08-28 23:05:00
"1104",-359,"RLA496839S",1.627,10.2441875,-0.292585,2019-08-28 23:05:00
"1105",-360,"RLA496839S",1.627,10.252,-0.2934,2019-08-28 23:05:00
"1106",-362,"RLA496839S",1.627,10.2598125,-0.29503,2019-08-28 23:05:00
"1107",-367,"RLA496839S",1.627,10.267625,-0.299105,2019-08-28 23:05:00
"1108",-375,"RLA496839S",1.627,10.2754375,-0.305625,2019-08-28 23:05:00
"1109",-381,"RLA496839S",1.627,10.28325,-0.310515,2019-08-28 23:05:00
"1110",-372,"RLA496839S",1.627,10.2910625,-0.30318,2019-08-28 23:05:00
"1111",-359,"RLA496839S",1.627,10.298875,-0.292585,2019-08-28 23:05:00
"1112",-347,"RLA496839S",1.627,10.3066875,-0.282805,2019-08-28 23:05:00
"1113",-345,"RLA496839S",1.627,10.3145,-0.281175,2019-08-28 23:05:00
"1114",-346,"RLA496839S",1.627,10.3223125,-0.28199,2019-08-28 23:05:00
"1115",-346,"RLA496839S",1.627,10.330125,-0.28199,2019-08-28 23:05:00
"1116",-346,"RLA496839S",1.627,10.3379375,-0.28199,2019-08-28 23:05:00
"1117",-344,"RLA496839S",1.627,10.34575,-0.28036,2019-08-28 23:05:00
"1118",-341,"RLA496839S",1.627,10.3535625,-0.277915,2019-08-28 23:05:00
"1119",-344,"RLA496839S",1.627,10.361375,-0.28036,2019-08-28 23:05:00
"1120",-337,"RLA496839S",1.627,10.3691875,-0.274655,2019-08-28 23:05:00
"1121",-360,"RLA496839S",1.627,10.377,-0.2934,2019-08-28 23:05:00
"1122",-522,"RLA496839S",1.627,10.3848125,-0.42543,2019-08-28 23:05:00
"1123",-776,"RLA496839S",1.627,10.392625,-0.63244,2019-08-28 23:05:00
"1124",-774,"RLA496839S",1.627,10.4004375,-0.63081,2019-08-28 23:05:00
"1125",-406,"RLA496839S",1.627,10.40825,-0.33089,2019-08-28 23:05:00
"1126",-208,"RLA496839S",1.627,10.4160625,-0.16952,2019-08-28 23:05:00
"1127",-326,"RLA496839S",1.627,10.423875,-0.26569,2019-08-28 23:05:00
"1128",-408,"RLA496839S",1.627,10.4316875,-0.33252,2019-08-28 23:05:00
"1129",-378,"RLA496839S",1.627,10.4395,-0.30807,2019-08-28 23:05:00
"1130",-378,"RLA496839S",1.627,10.4473125,-0.30807,2019-08-28 23:05:00
"1131",-393,"RLA496839S",1.627,10.455125,-0.320295,2019-08-28 23:05:00
"1132",-394,"RLA496839S",1.627,10.4629375,-0.32111,2019-08-28 23:05:00
"1133",-404,"RLA496839S",1.627,10.47075,-0.32926,2019-08-28 23:05:00
"1134",-408,"RLA496839S",1.627,10.4785625,-0.33252,2019-08-28 23:05:00
"1135",-396,"RLA496839S",1.627,10.486375,-0.32274,2019-08-28 23:05:00
"1136",-402,"RLA496839S",1.627,10.4941875,-0.32763,2019-08-28 23:05:00
"1137",-404,"RLA496839S",1.627,10.502,-0.32926,2019-08-28 23:05:00
"1138",-411,"RLA496839S",1.627,10.5098125,-0.334965,2019-08-28 23:05:00
"1139",-414,"RLA496839S",1.627,10.517625,-0.33741,2019-08-28 23:05:00
"1140",-413,"RLA496839S",1.627,10.5254375,-0.336595,2019-08-28 23:05:00
"1141",-415,"RLA496839S",1.627,10.53325,-0.338225,2019-08-28 23:05:00
"1142",-414,"RLA496839S",1.627,10.5410625,-0.33741,2019-08-28 23:05:00
"1143",-426,"RLA496839S",1.627,10.548875,-0.34719,2019-08-28 23:05:00
"1144",-430,"RLA496839S",1.627,10.5566875,-0.35045,2019-08-28 23:05:00
"1145",-427,"RLA496839S",1.627,10.5645,-0.348005,2019-08-28 23:05:00
"1146",-431,"RLA496839S",1.627,10.5723125,-0.351265,2019-08-28 23:05:00
"1147",-438,"RLA496839S",1.627,10.580125,-0.35697,2019-08-28 23:05:00
"1148",-440,"RLA496839S",1.627,10.5879375,-0.3586,2019-08-28 23:05:00
"1149",-425,"RLA496839S",1.627,10.59575,-0.346375,2019-08-28 23:05:00
"1150",-390,"RLA496839S",1.627,10.6035625,-0.31785,2019-08-28 23:05:00
"1151",-364,"RLA496839S",1.627,10.611375,-0.29666,2019-08-28 23:05:00
"1152",-350,"RLA496839S",1.627,10.6191875,-0.28525,2019-08-28 23:05:00
"1153",-343,"RLA496839S",1.627,10.627,-0.279545,2019-08-28 23:05:00
"1154",-343,"RLA496839S",1.627,10.6348125,-0.279545,2019-08-28 23:05:00
"1155",-345,"RLA496839S",1.627,10.642625,-0.281175,2019-08-28 23:05:00
"1156",-344,"RLA496839S",1.627,10.6504375,-0.28036,2019-08-28 23:05:00
"1157",-343,"RLA496839S",1.627,10.65825,-0.279545,2019-08-28 23:05:00
"1158",-346,"RLA496839S",1.627,10.6660625,-0.28199,2019-08-28 23:05:00
"1159",-350,"RLA496839S",1.627,10.673875,-0.28525,2019-08-28 23:05:00
"1160",-349,"RLA496839S",1.627,10.6816875,-0.284435,2019-08-28 23:05:00
"1161",-351,"RLA496839S",1.627,10.6895,-0.286065,2019-08-28 23:05:00
"1162",-353,"RLA496839S",1.627,10.6973125,-0.287695,2019-08-28 23:05:00
"1163",-354,"RLA496839S",1.627,10.705125,-0.28851,2019-08-28 23:05:00
"1164",-354,"RLA496839S",1.627,10.7129375,-0.28851,2019-08-28 23:05:00
"1165",-355,"RLA496839S",1.627,10.72075,-0.289325,2019-08-28 23:05:00
"1166",-355,"RLA496839S",1.627,10.7285625,-0.289325,2019-08-28 23:05:00
"1167",-355,"RLA496839S",1.627,10.736375,-0.289325,2019-08-28 23:05:00
"1168",-356,"RLA496839S",1.627,10.7441875,-0.29014,2019-08-28 23:05:00
"1169",-356,"RLA496839S",1.627,10.752,-0.29014,2019-08-28 23:05:00
"1170",-356,"RLA496839S",1.627,10.7598125,-0.29014,2019-08-28 23:05:00
"1171",-357,"RLA496839S",1.627,10.767625,-0.290955,2019-08-28 23:05:00
"1172",-358,"RLA496839S",1.627,10.7754375,-0.29177,2019-08-28 23:05:00
"1173",-355,"RLA496839S",1.627,10.78325,-0.289325,2019-08-28 23:05:00
"1174",-352,"RLA496839S",1.627,10.7910625,-0.28688,2019-08-28 23:05:00
"1175",-353,"RLA496839S",1.627,10.798875,-0.287695,2019-08-28 23:05:00
"1176",-359,"RLA496839S",1.627,10.8066875,-0.292585,2019-08-28 23:05:00
"1177",-357,"RLA496839S",1.627,10.8145,-0.290955,2019-08-28 23:05:00
"1178",-354,"RLA496839S",1.627,10.8223125,-0.28851,2019-08-28 23:05:00
"1179",-358,"RLA496839S",1.627,10.830125,-0.29177,2019-08-28 23:05:00
"1180",-362,"RLA496839S",1.627,10.8379375,-0.29503,2019-08-28 23:05:00
"1181",-360,"RLA496839S",1.627,10.84575,-0.2934,2019-08-28 23:05:00
"1182",-357,"RLA496839S",1.627,10.8535625,-0.290955,2019-08-28 23:05:00
"1183",-356,"RLA496839S",1.627,10.861375,-0.29014,2019-08-28 23:05:00
"1184",-359,"RLA496839S",1.627,10.8691875,-0.292585,2019-08-28 23:05:00
"1185",-364,"RLA496839S",1.627,10.877,-0.29666,2019-08-28 23:05:00
"1186",-366,"RLA496839S",1.627,10.8848125,-0.29829,2019-08-28 23:05:00
"1187",-365,"RLA496839S",1.627,10.892625,-0.297475,2019-08-28 23:05:00
"1188",-365,"RLA496839S",1.627,10.9004375,-0.297475,2019-08-28 23:05:00
"1189",-363,"RLA496839S",1.627,10.90825,-0.295845,2019-08-28 23:05:00
"1190",-363,"RLA496839S",1.627,10.9160625,-0.295845,2019-08-28 23:05:00
"1191",-368,"RLA496839S",1.627,10.923875,-0.29992,2019-08-28 23:05:00
"1192",-367,"RLA496839S",1.627,10.9316875,-0.299105,2019-08-28 23:05:00
"1193",-368,"RLA496839S",1.627,10.9395,-0.29992,2019-08-28 23:05:00
"1194",-370,"RLA496839S",1.627,10.9473125,-0.30155,2019-08-28 23:05:00
"1195",-370,"RLA496839S",1.627,10.955125,-0.30155,2019-08-28 23:05:00
"1196",-369,"RLA496839S",1.627,10.9629375,-0.300735,2019-08-28 23:05:00
"1197",-369,"RLA496839S",1.627,10.97075,-0.300735,2019-08-28 23:05:00
"1198",-370,"RLA496839S",1.627,10.9785625,-0.30155,2019-08-28 23:05:00
"1199",-374,"RLA496839S",1.627,10.986375,-0.30481,2019-08-28 23:05:00
"1200",-378,"RLA496839S",1.627,10.9941875,-0.30807,2019-08-28 23:05:00
"1201",-375,"RLA496839S",1.627,11.002,-0.305625,2019-08-28 23:05:00
"1202",-377,"RLA496839S",1.627,11.0098125,-0.307255,2019-08-28 23:05:00
"1203",-384,"RLA496839S",1.627,11.017625,-0.31296,2019-08-28 23:05:00
"1204",-391,"RLA496839S",1.627,11.0254375,-0.318665,2019-08-28 23:05:00
"1205",-399,"RLA496839S",1.627,11.03325,-0.325185,2019-08-28 23:05:00
"1206",-395,"RLA496839S",1.627,11.0410625,-0.321925,2019-08-28 23:05:00
"1207",-383,"RLA496839S",1.627,11.048875,-0.312145,2019-08-28 23:05:00
"1208",-374,"RLA496839S",1.627,11.0566875,-0.30481,2019-08-28 23:05:00
"1209",-371,"RLA496839S",1.627,11.0645,-0.302365,2019-08-28 23:05:00
"1210",-370,"RLA496839S",1.627,11.0723125,-0.30155,2019-08-28 23:05:00
"1211",-368,"RLA496839S",1.627,11.080125,-0.29992,2019-08-28 23:05:00
"1212",-366,"RLA496839S",1.627,11.0879375,-0.29829,2019-08-28 23:05:00
"1213",-364,"RLA496839S",1.627,11.09575,-0.29666,2019-08-28 23:05:00
"1214",-363,"RLA496839S",1.627,11.1035625,-0.295845,2019-08-28 23:05:00
"1215",-362,"RLA496839S",1.627,11.111375,-0.29503,2019-08-28 23:05:00
"1216",-360,"RLA496839S",1.627,11.1191875,-0.2934,2019-08-28 23:05:00
"1217",-362,"RLA496839S",1.627,11.127,-0.29503,2019-08-28 23:05:00
"1218",-359,"RLA496839S",1.627,11.1348125,-0.292585,2019-08-28 23:05:00
"1219",-365,"RLA496839S",1.627,11.142625,-0.297475,2019-08-28 23:05:00
"1220",-461,"RLA496839S",1.627,11.1504375,-0.375715,2019-08-28 23:05:00
"1221",-781,"RLA496839S",1.627,11.15825,-0.636515,2019-08-28 23:05:00
"1222",-845,"RLA496839S",1.627,11.1660625,-0.688675,2019-08-28 23:05:00
